37 3
1 0 0 
0 1 0 
0 0 1 
-1 -0 -0 
-0 -1 -0 
-0 -0 -1 
0.2928034766 -0.1459093006 -0.9449743912 
0.3082379264 -0.1609806826 -0.9375897827 
0.3655350862 -0.1919953326 -0.9107809248 
0.4556908299 -0.2524826751 -0.8535797364 
0.2710155015 -0.1358949578 -0.9529339738 
0.2802778699 -0.1414299961 -0.9494429271 
0.3621334814 -0.1961220584 -0.9112603798 
0.369120896 -0.2005782829 -0.9074789896 
0.3804696141 -0.207862595 -0.9011304092 
0.4001255848 -0.2206203255 -0.8895089591 
0.4321162084 -0.2418174749 -0.8687922026 
0.4754748042 -0.271618105 -0.8367480598 
0.3050682403 -0.1680901672 -0.9373788266 
0.317321437 -0.1811214226 -0.9308609649 
0.3167728243 -0.1805327095 -0.9311621333 
-0.2010940331 0.1321693655 -0.9706144696 
-0.201019148 0.1321318397 -0.9706350906 
-0.200944898 0.1320927536 -0.9706557847 
0.5543476244 -0.3229755731 -0.7670628987 
0.6629419474 -0.4553061266 -0.5943099406 
0.5555292553 -0.3279709114 -0.7640826708 
0.5703797801 -0.344075613 -0.7458410548 
-0.9308188113 0.3654809715 3.404168887e-08 
-2.44598675e-07 -2.132225844e-07 1 
-0.9525146166 -0.3044928654 -2.103046004e-08 
-0.952434607 -0.3047424796 -0.0005835833988 
-0.9734324769 -0.2289742627 -6.087026326e-06 
2.489870087e-07 -1.593110179e-07 1 
-1.893564237e-08 1.591106374e-08 1 
-2.387976939e-07 6.882311977e-08 1 
-6.226757962e-08 3.87888085e-08 1 

1.087545116 1.502395427 1.138332713 1.138332713 1.557407725 1.138332713 0.5228753872 1.668878995 1.751887282 1.883603985 0.4886805395 1.62009558 0.4548285391 0.4526639063 0.4490884999 0.4427264876 0.4495369084 0.4160701493 0.4644775863 0.4562856479 0.4566518089 0.5689541217 0.5689503219 0.5689448326 0.3907021228 0.3027532188 0.3866345483 0.3761134592 0.08138731896 1.138333324 1.558498113 1.559460074 0.5815202627 1.138333245 1.13833276 1.138333092 0.1327375409 
137
kAffine
box1
box_scene::Box1
iiwa_twoDOF_link_2
iiwa7_twoDOF::iiwa_twoDOF_link_2_collision
iiwa_twoDOF_link_2
16
-8475.989436 -100.1469781 -52.049286 4650.009314 -68.02626408 -12.36149926 0.09612307873 -9.876281848 -164.4163335 -93.68064573 -5103.558935 -30.86804128 -145.4570403 -17.31514357 87.81525087 -1095.667806 
kAffine
box1
box_scene::Box1
iiwa_twoDOF_link_3
iiwa7_twoDOF::iiwa_twoDOF_link_3_collision
iiwa_twoDOF_link_2
16
-838.1444485 -25.33507626 -16.89831978 663.3723326 -9.028003202 -42.15698682 5.938017502 -3.82909552 -40.62028002 -75.4528205 -658.4777196 -11.54350206 -134.8044153 -3.641831746 21.91415391 -55.684833 
kAffine
box1
box_scene::Box1
iiwa_twoDOF_link_4
iiwa7_twoDOF::iiwa_twoDOF_link_4_collision
iiwa_twoDOF_link_2
16
-59.97742708 -2.553331623 -1.911518797 55.86332411 -0.2431017196 -9.84042583 -0.3531971732 0.5058737409 5.979792887 -10.94739283 -53.34456752 1.627776099 -18.5063306 0.5992708761 -0.6308444302 2.658460968 
kAffine
box1
box_scene::Box1
iiwa_twoDOF_link_5
iiwa7_twoDOF::iiwa_twoDOF_link_5_collision
iiwa_twoDOF_link_2
16
-61.52463966 -3.694510854 0.258765458 50.78708128 0.37884632 -15.98494862 -0.239341997 0.3818563975 5.78824749 -9.685888808 -49.90875816 1.423873068 -13.92774911 1.71073615 -2.058507382 3.647232339 
kAffine
box1
box_scene::Box1
iiwa_twoDOF_link_6
iiwa7_twoDOF::iiwa_twoDOF_link_6_collision
iiwa_twoDOF_link_2
16
-53.92493608 -4.870526164 1.070783862 43.09505108 1.268877204 -15.97374367 -0.0002978804802 -1.789816152e-05 6.096591647e-05 -9.398803522 -43.57664073 0.0001383325979 -11.48125603 2.277005486 -3.161815822 4.398484929 
kAffine
box1
box_scene::Box1
iiwa_twoDOF_link_7
iiwa7_twoDOF::iiwa_twoDOF_link_7_collision
iiwa_twoDOF_link_2
16
-49.49085592 -7.7625528 1.2857206 39.64996084 2.726012713 -17.10130299 -0.0002769707942 -3.061183474e-05 6.622813778e-05 -10.63777388 -42.48111935 0.000127813631 -9.392866086 2.650068145 -3.912202483 6.210131958 
kAffine
box1
box_scene::Box1
iiwa_oneDOF_link_2
iiwa7_oneDOF::iiwa_oneDOF_link_2_collision
iiwa_oneDOF_link_2
16
-0.1054962741 0.110329339 -165.7062937 0.6867186872 -0.3015928008 -58.18532577 1.053426327 -0.3459446297 -3.080018788 5.43419143 -105.2004031 -1.927953008 -0.6179391009 0.3228905796 -9.294781997 -23.56416677 
kAffine
box1
box_scene::Box1
iiwa_oneDOF_link_3
iiwa7_oneDOF::iiwa_oneDOF_link_3_collision
iiwa_oneDOF_link_2
16
-0.3931083541 0.2459639265 -61.95210831 1.26516269 -0.5661722333 -27.34954546 1.305095698 -0.4985940073 -2.380343506 4.186862101 -45.72134917 -1.657537884 -0.5349332215 0.2849542055 -3.572664336 -5.500456198 
kAffine
box1
box_scene::Box1
iiwa_oneDOF_link_4
iiwa7_oneDOF::iiwa_oneDOF_link_4_collision
iiwa_oneDOF_link_2
16
-0.3026366053 0.2159601146 -40.14094336 1.836822756 -0.8558023617 -20.91345141 -1.676126321 0.6708144898 2.785127238 4.105152387 -33.33082938 2.018870746 -0.6404734913 0.3315260365 -1.510753332 -0.9734709802 
kAffine
box1
box_scene::Box1
iiwa_oneDOF_link_5
iiwa7_oneDOF::iiwa_oneDOF_link_5_collision
iiwa_oneDOF_link_2
16
-0.26089763 0.1832966627 -29.11905133 2.613395379 -1.208034438 -20.81413231 -1.163945188 0.5092171079 2.444447407 5.446275602 -29.33528872 1.46621678 -1.193363177 0.5660182653 1.825320561 2.618097304 
kAffine
box1
box_scene::Box1
iiwa_oneDOF_link_6
iiwa7_oneDOF::iiwa_oneDOF_link_6_collision
iiwa_oneDOF_link_2
16
-0.2943303561 0.1964037508 -23.98952419 2.900789157 -1.322652871 -19.29765391 -1.22086137e-05 5.728071757e-06 9.646985521e-06 5.531593072 -26.19083556 0.0001140122405 -1.430066307 0.6761616325 3.251850037 4.166315941 
kAffine
box1
box_scene::Box1
iiwa_oneDOF_link_7
iiwa7_oneDOF::iiwa_oneDOF_link_7_collision
iiwa_oneDOF_link_2
16
-0.332593751 0.2106022219 -20.44189578 3.049465507 -1.378756768 -18.09766682 -1.20838796e-05 5.623308373e-06 1.22320361e-05 5.476001468 -23.67423844 0.000101490738 -1.62035896 0.7628070202 4.474642403 5.250782377 
kAffine
box2
box_scene::Box1
iiwa_twoDOF_link_2
iiwa7_twoDOF::iiwa_twoDOF_link_2_collision
iiwa_twoDOF_link_2
16
-196.5712898 49.15462176 -11.63383718 -3434.611089 -42.16026687 -10.62544101 18.98052055 -11.140876 -75.31517649 1795.158002 71.05777436 -22.81670799 -13.15924183 -9.601162657 58.22594211 -587.8559173 
kAffine
box2
box_scene::Box1
iiwa_twoDOF_link_3
iiwa7_twoDOF::iiwa_twoDOF_link_3_collision
iiwa_twoDOF_link_2
16
644.4955521 92.72470731 -51.35793127 -2933.634196 -26.49782873 -75.13246195 7.74744937 -4.564062599 -15.68251756 1741.65344 148.0233015 -8.127202765 581.799284 -45.51724906 32.20596772 -533.7023846 
kAffine
box2
box_scene::Box1
iiwa_twoDOF_link_4
iiwa7_twoDOF::iiwa_twoDOF_link_4_collision
iiwa_twoDOF_link_2
16
230.083107 27.19779529 -21.13019183 -977.0766321 -11.69126749 -30.53191585 -1.880862064 1.581657023 4.271540586 578.7210369 46.94301177 3.278031186 231.0902215 -15.23893188 12.18447829 -165.6048541 
kAffine
box2
box_scene::Box1
iiwa_twoDOF_link_5
iiwa7_twoDOF::iiwa_twoDOF_link_5_collision
iiwa_twoDOF_link_2
16
-34.85819735 9.166686441 -3.294580388 -264.9188596 -20.87917029 -10.91108755 -0.4369071917 1.107096462 4.108899233 157.8025831 7.002649875 1.779986904 21.24972632 -9.287190907 4.670597177 -49.94860989 
kAffine
box2
box_scene::Box1
iiwa_twoDOF_link_6
iiwa7_twoDOF::iiwa_twoDOF_link_6_collision
iiwa_twoDOF_link_2
16
-67.21799346 12.12069311 -0.7359104761 -261.2462616 -34.59016423 -11.39155459 0.000814738835 0.0001524285132 4.973744644e-05 173.8529362 1.97232358 0.0004421207651 10.85747947 -15.6036323 6.663590102 -47.69636897 
kAffine
box2
box_scene::Box1
iiwa_twoDOF_link_7
iiwa7_twoDOF::iiwa_twoDOF_link_7_collision
iiwa_twoDOF_link_2
16
-96.37368085 15.17773388 -0.5848090906 -276.6083066 -52.14612234 -10.88313446 0.0007603028033 0.0002318188851 3.842414161e-05 206.8514175 1.046164156 0.0005450558042 12.59516088 -25.01125859 6.862531688 -51.85070544 
kAffine
box2
box_scene::Box1
iiwa_oneDOF_link_2
iiwa7_oneDOF::iiwa_oneDOF_link_2_collision
iiwa_oneDOF_link_2
16
0.02106341669 0.01911903095 -1.86559057 0.3088281679 -0.08367780076 -14.99665424 0.6225822748 -0.2954643256 -0.7884874967 13.05867534 -1.841981796 -0.5973771604 -0.1365761863 0.05686261413 -6.239786537 -10.11865881 
kAffine
box2
box_scene::Box1
iiwa_oneDOF_link_3
iiwa7_oneDOF::iiwa_oneDOF_link_3_collision
iiwa_oneDOF_link_2
16
-0.013953487 0.05000518701 -2.112177589 0.690109926 -0.2299486983 -19.79312697 0.8790461945 -0.4207746114 -0.9668046341 16.87161789 -1.666581293 -0.7831789015 -0.197082985 0.07323444068 -4.631121169 -13.24489261 
kAffine
box2
box_scene::Box1
iiwa_oneDOF_link_4
iiwa7_oneDOF::iiwa_oneDOF_link_4_collision
iiwa_oneDOF_link_2
16
-0.04744988051 0.08246534781 -1.654142476 0.9681194001 -0.3434929008 -22.54898876 -1.248331136 0.5973979435 1.279322643 18.94230125 -1.173253435 1.079914435 -0.2745937931 0.09211243847 -2.489796403 -15.11889678 
kAffine
box2
box_scene::Box1
iiwa_oneDOF_link_5
iiwa7_oneDOF::iiwa_oneDOF_link_5_collision
iiwa_oneDOF_link_2
16
-0.07778952544 0.09929891902 -0.428051333 1.308286327 -0.5046901706 -25.04879937 -1.07893242 0.4846655273 1.29030345 20.71056332 -0.03393363985 0.9741605881 -0.5173334586 0.1692206427 1.762768985 -17.22875112 
kAffine
box2
box_scene::Box1
iiwa_oneDOF_link_6
iiwa7_oneDOF::iiwa_oneDOF_link_6_collision
iiwa_oneDOF_link_2
16
-0.08968404104 0.1173000054 0.4375266226 1.439152243 -0.5593165091 -25.64667646 -5.471219786e-06 2.336314526e-06 9.993526595e-05 21.08457029 0.6970327642 5.328876372e-05 -0.5862231447 0.2043593999 4.224579896 -17.87376998 
kAffine
box2
box_scene::Box1
iiwa_oneDOF_link_7
iiwa7_oneDOF::iiwa_oneDOF_link_7_collision
iiwa_oneDOF_link_2
16
-0.09914670922 0.132542153 1.27826528 1.556533366 -0.6071265423 -25.96877833 -5.980561149e-06 2.581812999e-06 9.878064165e-05 21.30604292 1.404688688 5.13785216e-05 -0.6330532102 0.2351253867 6.544882569 -18.35604649 
kAffine
box3
box_scene::Box1
iiwa_twoDOF_link_2
iiwa7_twoDOF::iiwa_twoDOF_link_2_collision
iiwa_twoDOF_link_2
16
101.9035596 3.821242181 0.1404578534 -1.137089958 2.514927463 -1.356160693 3.294897769 -1.206416916 -9.661580308 -6.746708559 70.57231201 -3.93638363 2.824141354 -2.148462364 13.09688195 -54.26826052 
kAffine
box3
box_scene::Box1
iiwa_twoDOF_link_3
iiwa7_twoDOF::iiwa_twoDOF_link_3_collision
iiwa_twoDOF_link_2
16
219.9662859 5.951018661 -0.08493520918 -0.3716011617 3.539221772 -9.491297913 6.956968761 -2.528276752 -19.34369528 -12.2547097 146.8132121 -6.457119355 0.06004813757 -3.497545003 18.94143988 -128.6290406 
kAffine
box3
box_scene::Box1
iiwa_twoDOF_link_4
iiwa7_twoDOF::iiwa_twoDOF_link_4_collision
iiwa_twoDOF_link_2
16
60.91951858 1.060378575 0.3284124672 -0.6642611779 0.7611198469 -4.427543669 -1.608951782 0.5800511837 7.439425472 -2.467362143 39.7244448 1.613033167 -3.755118915 -0.06648394545 0.8044701621 -34.72291503 
kAffine
box3
box_scene::Box1
iiwa_twoDOF_link_5
iiwa7_twoDOF::iiwa_twoDOF_link_5_collision
iiwa_twoDOF_link_2
16
259.5416585 0.6376379333 1.311847555 -13.82050066 -0.9656833417 -10.44116284 -2.666586328 1.229805404 9.122677605 -1.26692536 158.8320887 2.283774928 -45.76756181 3.687703826 4.520276079 -161.8568168 
kAffine
box3
box_scene::Box1
iiwa_twoDOF_link_6
iiwa7_twoDOF::iiwa_twoDOF_link_6_collision
iiwa_twoDOF_link_2
16
640.2579804 -0.1234185983 1.638954878 -39.09968987 -4.035902534 -15.62295454 0.002087748886 3.210106301e-05 4.689110619e-05 2.664618253 386.2249857 -0.001377904389 -126.8491926 7.798478919 7.642475645 -409.7647121 
kAffine
box3
box_scene::Box1
iiwa_twoDOF_link_7
iiwa7_twoDOF::iiwa_twoDOF_link_7_collision
iiwa_twoDOF_link_2
16
3619.549361 -3.09686721 0.4126053946 -233.8660835 -27.36721324 -48.91850812 0.01046383502 9.230718814e-05 0.0001807821298 34.93039563 2166.834689 -0.007866537894 -770.4297808 37.42985562 24.62340918 -2345.568847 
kAffine
box3
box_scene::Box1
iiwa_oneDOF_link_2
iiwa7_oneDOF::iiwa_oneDOF_link_2_collision
iiwa_oneDOF_link_2
16
-0.4492856295 0.1269749827 26.05777337 0.5462647331 -0.1784278195 -10.19890265 0.8126567745 -0.3543617559 -1.739341296 7.021100879 20.69759497 -1.13532292 0.1500786337 -0.05660840682 -6.500645187 -14.37549625 
kAffine
box3
box_scene::Box1
iiwa_oneDOF_link_3
iiwa7_oneDOF::iiwa_oneDOF_link_3_collision
iiwa_oneDOF_link_2
16
-0.4600108496 0.1365614706 33.54312843 0.6143675575 -0.2133128407 -9.895984289 0.9000979076 -0.3923687672 -1.929226135 5.892076205 24.92949541 -1.130120863 0.1115900156 -0.06114088512 -3.742479872 -20.48180424 
kAffine
box3
box_scene::Box1
iiwa_oneDOF_link_4
iiwa7_oneDOF::iiwa_oneDOF_link_4_collision
iiwa_oneDOF_link_2
16
-0.4848640281 0.1312903639 43.89968018 0.708820423 -0.2584232925 -11.44284564 -1.180643933 0.5148795653 2.876971032 5.509572525 31.30861406 1.603370575 0.01941515086 -0.02853502959 -1.394022364 -28.05251416 
kAffine
box3
box_scene::Box1
iiwa_oneDOF_link_5
iiwa7_oneDOF::iiwa_oneDOF_link_5_collision
iiwa_oneDOF_link_2
16
-0.4166502318 0.07720844539 91.83519221 0.9577870438 -0.3998846237 -17.88643906 -1.013101946 0.4440977167 2.952408978 5.359755232 60.86340745 1.444102098 -0.4997693844 0.1851189902 7.642266259 -61.6982779 
kAffine
box3
box_scene::Box1
iiwa_oneDOF_link_6
iiwa7_oneDOF::iiwa_oneDOF_link_6_collision
iiwa_oneDOF_link_2
16
-0.3291056271 0.0350605062 138.5259513 1.302925406 -0.5748959725 -25.95010514 1.366480375e-07 1.927395976e-06 0.0003234414465 6.209381443 89.96978081 -0.0003168762328 -0.8239320444 0.3419155002 15.23311975 -94.19070847 
kAffine
box3
box_scene::Box1
iiwa_oneDOF_link_7
iiwa7_oneDOF::iiwa_oneDOF_link_7_collision
iiwa_oneDOF_link_2
16
-0.2051667646 -0.01481502497 204.7701763 1.791918602 -0.7892583371 -39.42699148 -7.126494903e-06 2.859760447e-06 0.000688199477 7.942623391 132.510022 -0.0004656601893 -1.24274267 0.5364367641 23.49418093 -141.9450275 
kAffine
box4
box_scene::Box1
iiwa_twoDOF_link_2
iiwa7_twoDOF::iiwa_twoDOF_link_2_collision
iiwa_twoDOF_link_2
16
6.613722163 -0.0161708033 0.0840151714 16.91770837 0.6115040237 0.08884619862 0.6399377984 -0.3507524165 -2.482045072 -15.14566056 3.133924736 -0.8539872436 -0.03656310223 -0.3347025814 3.131227348 -14.04207964 
kAffine
box4
box_scene::Box1
iiwa_twoDOF_link_3
iiwa7_twoDOF::iiwa_twoDOF_link_3_collision
iiwa_twoDOF_link_2
16
9.525984767 -0.01024972868 0.1760086333 18.92316697 0.4646807803 -0.9357610316 0.6917755252 -0.368505974 -2.824497039 -16.89675292 5.099610946 -1.01300406 -4.726843768 -0.2303143701 3.284223589 -16.27717504 
kAffine
box4
box_scene::Box1
iiwa_twoDOF_link_4
iiwa7_twoDOF::iiwa_twoDOF_link_4_collision
iiwa_twoDOF_link_2
16
9.738100383 -0.0004927103919 0.05551865401 19.32848725 0.4083644318 -3.42684947 -0.8573798355 0.2914319741 5.030134805 -16.96067771 5.569992484 1.273380413 -6.213715631 0.4365172996 -0.2311709406 -15.06052758 
kAffine
box4
box_scene::Box1
iiwa_twoDOF_link_5
iiwa7_twoDOF::iiwa_twoDOF_link_5_collision
iiwa_twoDOF_link_2
16
13.2001756 0.3187265593 0.06813374387 27.72314532 0.4430689304 -5.017087371 -0.6566751502 0.1607182197 4.709822026 -23.77094198 7.234781819 1.149896899 -9.860563135 2.249765525 -0.7644529269 -23.04634742 
kAffine
box4
box_scene::Box1
iiwa_twoDOF_link_6
iiwa7_twoDOF::iiwa_twoDOF_link_6_collision
iiwa_twoDOF_link_2
16
14.72068695 0.5508645325 0.1776695732 31.45076757 0.4959137672 -5.613921954 -7.9228796e-05 9.780194441e-07 2.063887815e-05 -26.70665357 8.133607521 -0.0001044527867 -11.84468514 3.104694438 -1.054366172 -26.82112693 
kAffine
box4
box_scene::Box1
iiwa_twoDOF_link_7
iiwa7_twoDOF::iiwa_twoDOF_link_7_collision
iiwa_twoDOF_link_2
16
16.90079123 0.8762115412 0.3057555233 36.66457688 0.6461562224 -6.254765188 -8.98287228e-05 -4.836353836e-08 2.378632132e-05 -31.00871945 9.359295449 -0.0001166627812 -14.12805426 4.099119336 -1.432505428 -32.3570016 
kAffine
box4
box_scene::Box1
iiwa_oneDOF_link_2
iiwa7_oneDOF::iiwa_oneDOF_link_2_collision
iiwa_oneDOF_link_2
16
-5.19842328 1.683386254 127.8620085 -4.872020942 1.04478003 773.2702926 9.087887228 -3.982763036 -29.76677056 -526.9049626 63.99250008 -11.93484094 0.112748599 0.1252489486 -57.90602406 -146.8183831 
kAffine
box4
box_scene::Box1
iiwa_oneDOF_link_3
iiwa7_oneDOF::iiwa_oneDOF_link_3_collision
iiwa_oneDOF_link_2
16
-0.3461527563 0.114577482 8.147256205 0.1923039854 -0.1079810225 53.1404607 0.795728259 -0.3364084296 -1.709822881 -50.47316685 6.320436909 -1.045530543 -0.1127643215 0.07035310702 -15.121195 -13.47632693 
kAffine
box4
box_scene::Box1
iiwa_oneDOF_link_4
iiwa7_oneDOF::iiwa_oneDOF_link_4_collision
iiwa_oneDOF_link_2
16
-0.1840436848 0.04055299467 5.978170461 0.5271770934 -0.239336251 40.57254194 -0.5900883491 0.2402120142 1.727759821 -44.23246594 5.867637439 0.9121965754 -0.3278598546 0.1613654509 -16.48842837 -11.86434518 
kAffine
box4
box_scene::Box1
iiwa_oneDOF_link_5
iiwa7_oneDOF::iiwa_oneDOF_link_5_collision
iiwa_oneDOF_link_2
16
-0.5932460103 0.1815601927 20.82716032 4.043556772 -1.840514362 175.2309773 -0.9798115319 0.3809816467 7.024901525 -234.8912023 33.3860462 1.599278161 -3.325007711 1.526915117 -106.4622817 -63.534208 
kAffine
box4
box_scene::Box1
iiwa_oneDOF_link_6
iiwa7_oneDOF::iiwa_oneDOF_link_6_collision
iiwa_oneDOF_link_2
16
-0.4141718433 0.1508176284 8.95204044 1.932562241 -0.8821114665 64.74690766 -7.278801234e-06 3.345837058e-06 -0.0002102819715 -98.29979983 14.34270884 -0.0003084215055 -1.815232159 0.857861459 -48.5498127 -26.25073639 
kAffine
box4
box_scene::Box1
iiwa_oneDOF_link_7
iiwa7_oneDOF::iiwa_oneDOF_link_7_collision
iiwa_oneDOF_link_2
16
-0.3859520923 0.1310691492 2.836815024 2.383234427 -1.07080562 64.50840322 -9.778282132e-06 4.281145381e-06 -0.0002294248564 -106.031981 14.76137408 -0.0003355875852 -2.432352729 1.117275669 -52.5992179 -27.10344873 
kAffine
iiwa_twoDOF_link_0
iiwa7_twoDOF::iiwa_twoDOF_link_0_collision
iiwa_twoDOF_link_2
iiwa7_twoDOF::iiwa_twoDOF_link_2_collision
iiwa_twoDOF_link_2
16
-583.9392428 -17.93465814 -11.57380457 195.6861202 -3.378127841 -16.82960458 4.710227298 -3.710476045 -18.04351292 -59.00515845 -453.0018387 -5.870902593 -13.43440527 -1.10593873 2.921311354 -66.98297283 
kAffine
iiwa_twoDOF_link_0
iiwa7_twoDOF::iiwa_twoDOF_link_0_collision
iiwa_twoDOF_link_3
iiwa7_twoDOF::iiwa_twoDOF_link_3_collision
iiwa_twoDOF_link_2
16
-104.9642643 -5.415921824 -1.683416811 24.04677592 -5.286002168 -50.65539608 2.993736761 -1.713717869 -9.825023294 -12.94449897 -101.9623125 -3.93691388 -4.117470976 0.568419247 5.256371407 -3.06313317 
kAffine
iiwa_twoDOF_link_0
iiwa7_twoDOF::iiwa_twoDOF_link_0_collision
iiwa_twoDOF_link_4
iiwa7_twoDOF::iiwa_twoDOF_link_4_collision
iiwa_twoDOF_link_2
16
-29.35628521 -4.353092931 -0.486776005 5.033366045 -3.652188464 -32.95506282 -1.759986656 0.9649820934 6.027609619 1.740541806 -45.89164145 2.916022567 -0.4962440515 0.992879238 5.415916168 5.067171579 
kAffine
iiwa_twoDOF_link_0
iiwa7_twoDOF::iiwa_twoDOF_link_0_collision
iiwa_twoDOF_link_5
iiwa7_twoDOF::iiwa_twoDOF_link_5_collision
iiwa_twoDOF_link_2
16
-13.92546538 -11.8411206 0.8175169645 4.960489715 -1.675140676 -25.9784887 -1.158605 0.4267293657 4.156343009 -1.065653813 -34.48531231 2.332743377 0.4258395864 0.05954425816 4.02555864 4.557240443 
kAffine
iiwa_twoDOF_link_0
iiwa7_twoDOF::iiwa_twoDOF_link_0_collision
iiwa_twoDOF_link_6
iiwa7_twoDOF::iiwa_twoDOF_link_6_collision
iiwa_twoDOF_link_2
16
-6.938322724 -14.53530041 0.7222532327 3.246263074 -0.9135586945 -19.44388952 -3.096657484e-05 -3.782697675e-05 7.33975139e-05 -0.7799525216 -27.29085613 0.0001031046698 1.222894257 -0.4173698919 3.03070257 4.841987025 
kAffine
iiwa_twoDOF_link_0
iiwa7_twoDOF::iiwa_twoDOF_link_0_collision
iiwa_twoDOF_link_7
iiwa7_twoDOF::iiwa_twoDOF_link_7_collision
iiwa_twoDOF_link_2
16
-3.604487339 -14.25243447 0.6359806372 1.96843214 -1.039622624 -13.39088876 -1.679528647e-05 -3.400136746e-05 5.087511433e-05 0.551064616 -20.22724724 7.57611336e-05 1.183135173 -0.6759749169 2.331817088 5.311125413 
kAffine
iiwa_twoDOF_link_0
iiwa7_twoDOF::iiwa_twoDOF_link_0_collision
iiwa_oneDOF_link_2
iiwa7_oneDOF::iiwa_oneDOF_link_2_collision
iiwa_oneDOF_link_2
16
0.06282108145 0.03711902464 -18.4739823 0.2284668355 -0.1250998963 -15.09874307 1.604610293 -0.7741543589 -0.887440595 15.34810603 -18.08839897 -0.9903886924 -0.5448044829 0.1948863122 -8.822276181 -11.79220668 
kAffine
iiwa_twoDOF_link_0
iiwa7_twoDOF::iiwa_twoDOF_link_0_collision
iiwa_oneDOF_link_3
iiwa7_oneDOF::iiwa_oneDOF_link_3_collision
iiwa_oneDOF_link_2
16
0.3380891651 0.381693251 -200.4743535 8.201011698 -3.989044976 -141.7168464 19.81178441 -9.295833101 -8.984539679 140.1663644 -196.9895508 -6.332259711 -7.828766143 2.930199825 -86.81015987 -98.995971 
kAffine
iiwa_twoDOF_link_0
iiwa7_twoDOF::iiwa_twoDOF_link_0_collision
iiwa_oneDOF_link_4
iiwa7_oneDOF::iiwa_oneDOF_link_4_collision
iiwa_oneDOF_link_2
16
0.01270046515 0.09369242031 -33.0089334 2.072460138 -0.9754008006 -23.66200407 -4.457739478 2.061627914 1.895961335 22.86187606 -33.04908116 2.287112941 -1.522402014 0.58458839 -12.58796028 -12.88677391 
kAffine
iiwa_twoDOF_link_0
iiwa7_twoDOF::iiwa_twoDOF_link_0_collision
iiwa_oneDOF_link_5
iiwa7_oneDOF::iiwa_oneDOF_link_5_collision
iiwa_oneDOF_link_2
16
-0.01740870061 0.05252196187 -13.30856775 1.252134103 -0.5759376824 -10.3052388 -1.443064008 0.6576996198 0.676376631 9.712570596 -13.65972163 0.6758550747 -0.7997211608 0.3133450402 -3.853424778 -3.880901333 
kAffine
iiwa_twoDOF_link_0
iiwa7_twoDOF::iiwa_twoDOF_link_0_collision
iiwa_oneDOF_link_6
iiwa7_oneDOF::iiwa_oneDOF_link_6_collision
iiwa_oneDOF_link_2
16
-0.03096793421 0.05813942935 -11.81983225 1.317550383 -0.6022995688 -9.024003265 -5.49727003e-06 2.816321932e-06 3.670607524e-06 8.340283288 -12.50038817 7.061902961e-05 -0.8183209042 0.3268535829 -3.026899953 -2.286518551 
kAffine
iiwa_twoDOF_link_0
iiwa7_twoDOF::iiwa_twoDOF_link_0_collision
iiwa_oneDOF_link_7
iiwa7_oneDOF::iiwa_oneDOF_link_7_collision
iiwa_oneDOF_link_2
16
-0.03943835422 0.0626637545 -10.69634686 1.34768422 -0.6127430582 -8.001970656 -5.054973781e-06 2.417014708e-06 1.009162529e-06 7.264548498 -11.79973388 6.262025851e-05 -0.8410334822 0.3441823327 -2.46111827 -0.8254983284 
kAffine
iiwa_twoDOF_link_1
iiwa7_twoDOF::iiwa_twoDOF_link_1_collision
iiwa_twoDOF_link_3
iiwa7_twoDOF::iiwa_twoDOF_link_3_collision
iiwa_twoDOF_link_2
16
-73.78871247 21.54643363 -1.736006773 46.7391091 -24.5873292 -259.8072009 6.792662057 -4.042409107 -20.83435712 -11.95236595 -455.8462433 -15.07678206 -7.334522016 3.074887593 32.07501084 54.1362827 
kAffine
iiwa_twoDOF_link_1
iiwa7_twoDOF::iiwa_twoDOF_link_1_collision
iiwa_twoDOF_link_4
iiwa7_twoDOF::iiwa_twoDOF_link_4_collision
iiwa_twoDOF_link_2
16
-13.65435877 -11.20815504 -0.8735369631 15.68915052 -7.694403847 -61.18441425 0.0294791455 -0.01211274229 -0.1015351359 0.912868495 -121.0733403 -0.03389181494 -2.758511003 1.591953471 11.71298813 23.2847034 
kAffine
iiwa_twoDOF_link_1
iiwa7_twoDOF::iiwa_twoDOF_link_1_collision
iiwa_twoDOF_link_5
iiwa7_twoDOF::iiwa_twoDOF_link_5_collision
iiwa_twoDOF_link_2
16
-6.811104579 -31.83861726 0.3406174322 10.59830897 -5.337959967 -48.03279962 0.7560626906 -0.2959278095 -2.929801283 0.6946909724 -64.53370819 -1.701530508 -0.647686907 0.4771521808 9.155852561 15.48875112 
kAffine
iiwa_twoDOF_link_1
iiwa7_twoDOF::iiwa_twoDOF_link_1_collision
iiwa_twoDOF_link_6
iiwa7_twoDOF::iiwa_twoDOF_link_6_collision
iiwa_twoDOF_link_2
16
-3.237620685 -30.35525221 0.0388712974 5.572448892 -2.13316891 -27.02437667 2.030038005 -0.5626280788 -7.585551719 0.2489489604 -39.56348986 -4.505653544 0.2559760775 -0.1735401544 5.954855809 13.17769259 
kAffine
iiwa_twoDOF_link_1
iiwa7_twoDOF::iiwa_twoDOF_link_1_collision
iiwa_twoDOF_link_7
iiwa7_twoDOF::iiwa_twoDOF_link_7_collision
iiwa_twoDOF_link_2
16
-1.441918987 -24.18011499 -0.01392687911 3.160820407 -0.7815028082 -17.07303415 1.968405772 -0.4665209436 -6.674357683 -0.2023724636 -27.33347822 -3.766917564 0.4982855352 -0.3474167894 4.304780739 11.55814133 
kAffine
iiwa_twoDOF_link_1
iiwa7_twoDOF::iiwa_twoDOF_link_1_collision
iiwa_oneDOF_link_2
iiwa7_oneDOF::iiwa_oneDOF_link_2_collision
iiwa_oneDOF_link_2
16
0.07766632305 0.03819754527 -14.81521906 0.3780348039 -0.1514061041 -18.59759112 3.906336792 -1.944413792 -2.205171188 18.75352459 -13.86215946 -2.668734678 -0.3477737744 0.1279934769 -8.259843735 -11.4188326 
kAffine
iiwa_twoDOF_link_1
iiwa7_twoDOF::iiwa_twoDOF_link_1_collision
iiwa_oneDOF_link_3
iiwa7_oneDOF::iiwa_oneDOF_link_3_collision
iiwa_oneDOF_link_2
16
0.2122350341 0.0875011349 -46.21514585 2.888599574 -1.270379026 -55.63773805 13.65835595 -6.674503495 -5.326205504 55.01444162 -43.94133729 -7.74783642 -1.547948495 0.5853271115 -20.52642785 -29.95876664 
kAffine
iiwa_twoDOF_link_1
iiwa7_twoDOF::iiwa_twoDOF_link_1_collision
iiwa_oneDOF_link_4
iiwa7_oneDOF::iiwa_oneDOF_link_4_collision
iiwa_oneDOF_link_2
16
0.04654752035 0.05806726679 -15.75466283 1.523761534 -0.6831722318 -21.63122141 0.001150291467 -0.01820401162 0.1052941358 21.0806845 -15.21653787 0.1181253152 -0.756385564 0.2838712317 -5.042211226 -10.30805205 
kAffine
iiwa_twoDOF_link_1
iiwa7_twoDOF::iiwa_twoDOF_link_1_collision
iiwa_oneDOF_link_5
iiwa7_oneDOF::iiwa_oneDOF_link_5_collision
iiwa_oneDOF_link_2
16
0.01492799531 0.08615199098 -13.87944186 2.009139512 -0.8969763902 -20.63908686 1.142226636 -0.5584977227 -0.3637720415 19.89186759 -13.88183527 -0.4749455975 -0.9795009466 0.3792071529 -2.079109619 -8.23952742 
kAffine
iiwa_twoDOF_link_1
iiwa7_twoDOF::iiwa_twoDOF_link_1_collision
iiwa_oneDOF_link_6
iiwa7_oneDOF::iiwa_oneDOF_link_6_collision
iiwa_oneDOF_link_2
16
0.0008902451147 0.1057490195 -13.53228391 2.34281727 -1.043456345 -21.28828383 3.717378605 -1.770374367 -1.105954534 20.34366596 -14.06304867 -1.792091676 -1.168557363 0.4667980252 -0.5444975038 -7.480376651 
kAffine
iiwa_twoDOF_link_1
iiwa7_twoDOF::iiwa_twoDOF_link_1_collision
iiwa_oneDOF_link_7
iiwa7_oneDOF::iiwa_oneDOF_link_7_collision
iiwa_oneDOF_link_2
16
-0.00971728645 0.117303083 -13.62818947 2.651921692 -1.182049904 -21.35913534 4.001493999 -1.902967713 -0.9345968889 20.34510675 -14.83353999 -1.985039482 -1.370220546 0.5608403167 0.3850548298 -6.089955563 
kAffine
iiwa_twoDOF_link_2
iiwa7_twoDOF::iiwa_twoDOF_link_2_collision
iiwa_twoDOF_link_4
iiwa7_twoDOF::iiwa_twoDOF_link_4_collision
iiwa_twoDOF_link_4
16
-17.66495037 -3230.072223 1.806435003 21.84596772 129.0663794 16.98150746 14.6906356 -10.30170708 -47.7666906 -38.74229589 -2369.957624 -31.54410179 -1.529558844 -12.14468878 5.096446486 -485.1209456 
kAffine
iiwa_twoDOF_link_2
iiwa7_twoDOF::iiwa_twoDOF_link_2_collision
iiwa_twoDOF_link_5
iiwa7_twoDOF::iiwa_twoDOF_link_5_collision
iiwa_twoDOF_link_4
16
-8.121960715 -120.4228169 1.350337237 12.82180505 0.989792376 -48.14708462 4.641984532 -0.7403519482 -22.60356408 -6.717206425 -113.4842208 -9.709403507 -1.985998854 -0.8465913504 6.146429539 -7.792561941 
kAffine
iiwa_twoDOF_link_2
iiwa7_twoDOF::iiwa_twoDOF_link_2_collision
iiwa_twoDOF_link_6
iiwa7_twoDOF::iiwa_twoDOF_link_6_collision
iiwa_twoDOF_link_4
16
-2.780237564 -52.84555107 0.7972936225 9.647649343 -4.152728799 -37.56951928 1.95546598 -0.6011114215 -7.329330447 -0.1773975298 -65.73906671 -3.613611672 -2.166016263 0.7853540034 6.994552508 3.633776037 
kAffine
iiwa_twoDOF_link_2
iiwa7_twoDOF::iiwa_twoDOF_link_2_collision
iiwa_twoDOF_link_7
iiwa7_twoDOF::iiwa_twoDOF_link_7_collision
iiwa_twoDOF_link_4
16
-1.175472999 -27.8435542 0.3676974347 7.622193607 -3.883880314 -26.70506134 1.2534808 -0.3859424381 -4.246312021 0.779989108 -61.09787129 -2.353438778 -2.102511453 1.060811815 6.456124144 15.92849875 
kAffine
iiwa_twoDOF_link_2
iiwa7_twoDOF::iiwa_twoDOF_link_2_collision
iiwa_oneDOF_link_0
iiwa7_oneDOF::iiwa_oneDOF_link_0_collision
iiwa_twoDOF_link_1
16
16.60768014 -7.768066232 -51.37077008 -0.3590175132 0.1534040196 1.209762869 5.715589597 2.285352555 14.52474782 -107.931306 2.221943803 26.06823858 -6.73418788 2.87083599 20.50920036 32.87527165 
kAffine
iiwa_twoDOF_link_2
iiwa7_twoDOF::iiwa_twoDOF_link_2_collision
iiwa_oneDOF_link_1
iiwa7_oneDOF::iiwa_oneDOF_link_1_collision
iiwa_twoDOF_link_1
16
8.874804365 -5.290101008 -32.7083648 -0.4504145969 0.2841798276 1.784317994 5.237426635 0.5489133424 3.460043652 -86.03840801 4.502602795 4.763038314 -3.712970427 1.660034941 11.53989855 27.13415264 
kAffine
iiwa_twoDOF_link_2
iiwa7_twoDOF::iiwa_twoDOF_link_2_collision
iiwa_oneDOF_link_2
iiwa7_oneDOF::iiwa_oneDOF_link_2_collision
iiwa_twoDOF_link_1
16
48.93358012 -23.65970013 -162.7218173 -0.4103959969 0.1153692373 1.095579401 12.44775523 0.3710647427 26.85454159 -160.3275605 0.7878438363 -8.569656038 -27.53623813 12.90094085 86.79098414 90.76845032 
kAffine
iiwa_twoDOF_link_2
iiwa7_twoDOF::iiwa_twoDOF_link_2_collision
iiwa_oneDOF_link_3
iiwa7_oneDOF::iiwa_oneDOF_link_3_collision
iiwa_twoDOF_link_1
16
8.663649867 -4.430399719 -26.83342433 -0.03170887349 -0.004516822688 0.1319599923 1.373242302 -0.2959712767 14.6977675 -49.94559334 -0.007575357385 -8.099366357 -4.403169811 2.410684877 14.56641911 28.8445715 
kAffine
iiwa_twoDOF_link_2
iiwa7_twoDOF::iiwa_twoDOF_link_2_collision
iiwa_oneDOF_link_4
iiwa7_oneDOF::iiwa_oneDOF_link_4_collision
iiwa_twoDOF_link_1
16
6.912549761 -3.665819849 -20.94242886 -2.467543639 1.147356106 2.783633343 0.7858018502 -0.2781546989 18.76481238 -46.57820872 7.241964677 -9.656359454 -3.179073694 2.025780467 12.55694111 27.05210474 
kAffine
iiwa_twoDOF_link_2
iiwa7_twoDOF::iiwa_twoDOF_link_2_collision
iiwa_oneDOF_link_5
iiwa7_oneDOF::iiwa_oneDOF_link_5_collision
iiwa_twoDOF_link_1
16
6.66033827 -3.657129526 -21.21318132 -4.506640205 2.140667201 3.001479271 0.5613675715 -0.342635877 27.60865203 -47.80976913 5.544635623 -13.86104493 -2.622704517 2.135363394 15.98998337 29.68987695 
kAffine
iiwa_twoDOF_link_2
iiwa7_twoDOF::iiwa_twoDOF_link_2_collision
iiwa_oneDOF_link_6
iiwa7_oneDOF::iiwa_oneDOF_link_6_collision
iiwa_twoDOF_link_1
16
6.546214865 -3.647930159 -21.24307543 -3.545906797 1.688175136 1.766460613 0.5265482541 -0.3614033166 32.35475675 -48.06552244 3.169650943 -15.59397508 -2.31993455 2.197523603 18.5278324 32.23360206 
kAffine
iiwa_twoDOF_link_2
iiwa7_twoDOF::iiwa_twoDOF_link_2_collision
iiwa_oneDOF_link_7
iiwa7_oneDOF::iiwa_oneDOF_link_7_collision
iiwa_twoDOF_link_1
16
6.390698875 -3.592112482 -22.05402228 -4.92926381 2.355372012 1.63479399 0.5030638826 -0.3726078116 35.48776534 -47.21939853 3.593341542 -17.79147605 -2.034615764 2.228580525 21.37837646 34.90676778 
kAffine
iiwa_twoDOF_link_3
iiwa7_twoDOF::iiwa_twoDOF_link_3_collision
iiwa_twoDOF_link_5
iiwa7_twoDOF::iiwa_twoDOF_link_5_collision
iiwa_twoDOF_link_4
16
2.411184144 -131.6422518 5.237705695 32.49662072 -35.3428736 -200.2631696 4.805952486 -0.9246524434 -19.84638865 -28.62911891 -484.3473274 -15.67657327 -4.732915612 3.329728486 22.11801605 48.81092272 
kAffine
iiwa_twoDOF_link_3
iiwa7_twoDOF::iiwa_twoDOF_link_3_collision
iiwa_twoDOF_link_6
iiwa7_twoDOF::iiwa_twoDOF_link_6_collision
iiwa_twoDOF_link_4
16
-0.2506087211 -27.17515732 -0.04343844318 16.313769 -9.309733109 -62.23134179 1.641682337 -0.7054522817 -5.460403796 -0.8132817693 -160.101781 -4.986362024 -3.44029705 1.814776529 12.22461041 34.84179246 
kAffine
iiwa_twoDOF_link_3
iiwa7_twoDOF::iiwa_twoDOF_link_3_collision
iiwa_twoDOF_link_7
iiwa7_twoDOF::iiwa_twoDOF_link_7_collision
iiwa_twoDOF_link_4
16
-0.3549185457 -13.02840573 -0.1555013962 10.3157706 -5.428393805 -35.26337475 0.806236328 -0.3267476744 -2.567963939 0.6718020897 -114.1150239 -4.160509779 -2.742224136 1.405257524 8.981135361 30.86953688 
kAffine
iiwa_twoDOF_link_3
iiwa7_twoDOF::iiwa_twoDOF_link_3_collision
iiwa_oneDOF_link_0
iiwa7_oneDOF::iiwa_oneDOF_link_0_collision
iiwa_twoDOF_link_1
16
5.954959383 -3.469270477 -22.22082846 -0.08454471331 0.1653066997 1.250404249 11.63815633 1.002020859 6.783641958 -62.47016508 2.941242154 12.36674605 -0.9451331547 1.718068607 10.86486894 30.3479709 
kAffine
iiwa_twoDOF_link_3
iiwa7_twoDOF::iiwa_twoDOF_link_3_collision
iiwa_oneDOF_link_1
iiwa7_oneDOF::iiwa_oneDOF_link_1_collision
iiwa_twoDOF_link_1
16
3.654440949 -4.9947123 -29.98992061 -0.636003241 0.7350023503 4.472594974 18.23100504 0.380106824 3.173249694 -77.68097971 7.320838688 -0.9956928172 -0.5247159707 2.356237164 14.45984649 38.79399392 
kAffine
iiwa_twoDOF_link_3
iiwa7_twoDOF::iiwa_twoDOF_link_3_collision
iiwa_oneDOF_link_2
iiwa7_oneDOF::iiwa_oneDOF_link_2_collision
iiwa_twoDOF_link_1
16
5.104809715 -5.08686266 -32.57269397 -0.1084930608 0.02527583988 0.3452205178 12.75411714 0.3028114566 3.643972411 -55.24790963 0.3393730894 -3.757591621 -3.174418608 3.111298464 20.02063427 34.99813606 
kAffine
iiwa_twoDOF_link_3
iiwa7_twoDOF::iiwa_twoDOF_link_3_collision
iiwa_oneDOF_link_3
iiwa7_oneDOF::iiwa_oneDOF_link_3_collision
iiwa_twoDOF_link_1
16
4.607108242 -5.899842673 -31.04526484 -0.08979606095 -0.007278424399 0.249768931 8.497391804 0.1715939941 12.68933584 -60.21668629 0.1950103359 -7.717756373 -2.193650728 3.45408508 20.54071037 38.31660577 
kAffine
iiwa_twoDOF_link_3
iiwa7_twoDOF::iiwa_twoDOF_link_3_collision
iiwa_oneDOF_link_4
iiwa7_oneDOF::iiwa_oneDOF_link_4_collision
iiwa_twoDOF_link_1
16
5.742209164 -8.046123184 -37.91891785 -5.269160962 3.023930142 11.32971507 7.826819231 -0.1923103959 30.75688698 -78.00413334 12.19079296 -12.82572805 -1.17236866 4.649341028 27.42842001 52.17807844 
kAffine
iiwa_twoDOF_link_3
iiwa7_twoDOF::iiwa_twoDOF_link_3_collision
iiwa_oneDOF_link_5
iiwa7_oneDOF::iiwa_oneDOF_link_5_collision
iiwa_twoDOF_link_1
16
14.95694871 -12.76565548 -75.67553117 -21.72910696 10.3189225 20.35418594 4.212206617 -0.6991882561 104.6069181 -152.0918728 19.36268353 -53.66091367 -2.922611017 6.01664461 66.26847631 131.7533416 
kAffine
iiwa_twoDOF_link_3
iiwa7_twoDOF::iiwa_twoDOF_link_3_collision
iiwa_oneDOF_link_6
iiwa7_oneDOF::iiwa_oneDOF_link_6_collision
iiwa_twoDOF_link_1
16
16.87022585 -12.60541077 -88.37049622 -17.9605278 9.337982731 12.58661618 3.103440098 -0.5765588071 135.2364037 -175.7581782 12.74176643 -75.11815592 -2.157983219 4.551722403 86.03515899 169.1426896 
kAffine
iiwa_twoDOF_link_3
iiwa7_twoDOF::iiwa_twoDOF_link_3_collision
iiwa_oneDOF_link_7
iiwa7_oneDOF::iiwa_oneDOF_link_7_collision
iiwa_twoDOF_link_1
16
16.23165407 -10.58541438 -96.13970798 -22.06234342 12.83555644 10.52110828 1.910677882 -0.3411192812 131.0777048 -161.332585 12.49899709 -90.3735221 -1.431392802 2.427406217 94.50393493 177.642648 
kAffine
iiwa_twoDOF_link_4
iiwa7_twoDOF::iiwa_twoDOF_link_4_collision
iiwa_oneDOF_link_0
iiwa7_oneDOF::iiwa_oneDOF_link_0_collision
iiwa_twoDOF_link_3
16
-1.095747001 -0.1227087476 -0.1265864286 0.7349905799 -0.6691870179 -7.774369331 -25.47731238 -0.07471067018 7.568058249 -24.74351599 -1.970541834 0.8268482061 3.52107855 -0.8709700185 1.630392437 14.05273936 
kAffine
iiwa_twoDOF_link_4
iiwa7_twoDOF::iiwa_twoDOF_link_4_collision
iiwa_oneDOF_link_1
iiwa7_oneDOF::iiwa_oneDOF_link_1_collision
iiwa_twoDOF_link_3
16
5.962957697 -0.05844870858 -0.1207029406 0.01706719512 0.03016299085 -0.01658249156 -30.41432254 -0.1765178703 7.703131634 -28.85934986 -0.1292356034 -5.519410305 4.945141469 -1.058710618 1.200809066 16.69527266 
kAffine
iiwa_twoDOF_link_4
iiwa7_twoDOF::iiwa_twoDOF_link_4_collision
iiwa_oneDOF_link_2
iiwa7_oneDOF::iiwa_oneDOF_link_2_collision
iiwa_twoDOF_link_1
16
2.169081274 -4.349641027 -26.99956922 1.645173139 -0.8773485282 -10.36549042 16.71561755 -1.614224155 1.844031027 -56.19830802 -11.18436721 -4.451074412 -2.71365977 3.181135215 23.74446442 43.79842568 
kAffine
iiwa_twoDOF_link_4
iiwa7_twoDOF::iiwa_twoDOF_link_4_collision
iiwa_oneDOF_link_3
iiwa7_oneDOF::iiwa_oneDOF_link_3_collision
iiwa_twoDOF_link_1
16
0.7130071465 -6.735650258 -34.77805194 5.432961667 -2.669531864 -15.695602 19.96736116 -3.83537594 9.813301377 -74.55817364 -13.29848588 -10.7357483 -3.37681263 4.78162262 35.97970958 56.88733868 
kAffine
iiwa_twoDOF_link_4
iiwa7_twoDOF::iiwa_twoDOF_link_4_collision
iiwa_oneDOF_link_4
iiwa7_oneDOF::iiwa_oneDOF_link_4_collision
iiwa_twoDOF_link_1
16
-1.227893324 -8.929525846 -43.56714674 0.1710871215 -0.02789364898 -0.5299161379 22.83928794 -5.25555552 24.23477476 -89.35318546 -0.327551848 -18.23876476 -3.791366398 6.17571767 50.59972865 72.42850947 
kAffine
iiwa_twoDOF_link_4
iiwa7_twoDOF::iiwa_twoDOF_link_4_collision
iiwa_oneDOF_link_5
iiwa7_oneDOF::iiwa_oneDOF_link_5_collision
iiwa_twoDOF_link_1
16
0.883765555 -16.88940867 -163.1840508 16.06354619 -7.253613403 -21.42553158 50.2639743 -19.71042032 178.560009 -322.2598668 -13.81186603 -115.1944345 -18.03421542 12.6042985 221.3923933 322.6430012 
kAffine
iiwa_twoDOF_link_4
iiwa7_twoDOF::iiwa_twoDOF_link_4_collision
iiwa_oneDOF_link_6
iiwa7_oneDOF::iiwa_oneDOF_link_6_collision
iiwa_twoDOF_link_1
16
1.543115674 -14.59740698 -193.3006892 68.9004066 -36.18099959 -75.0530269 52.00381476 -20.79468521 261.5395635 -403.3956834 -47.21176521 -154.219311 -16.78599853 9.688267523 287.4205247 426.7759163 
kAffine
iiwa_twoDOF_link_4
iiwa7_twoDOF::iiwa_twoDOF_link_4_collision
iiwa_oneDOF_link_7
iiwa7_oneDOF::iiwa_oneDOF_link_7_collision
iiwa_twoDOF_link_1
16
4.709246025 -12.00226167 -216.4350294 107.7425955 -55.21436714 -78.65204811 51.13614495 -21.04992979 315.5929894 -448.1032118 -59.18784966 -189.8976357 -15.48530593 5.927155262 337.8796168 506.824881 
kAffine
iiwa_twoDOF_link_5
iiwa7_twoDOF::iiwa_twoDOF_link_5_collision
iiwa_oneDOF_link_0
iiwa7_oneDOF::iiwa_oneDOF_link_0_collision
iiwa_twoDOF_link_3
16
-6.269884965 -0.1428691992 0.05762431073 -0.1058763735 0.2073182926 -7.487702887 -32.90762987 -0.5944153798 12.32321488 -32.13121051 -2.560755023 6.214942972 1.047768415 -2.639664269 3.7416811 19.81258679 
kAffine
iiwa_twoDOF_link_5
iiwa7_twoDOF::iiwa_twoDOF_link_5_collision
iiwa_oneDOF_link_1
iiwa7_oneDOF::iiwa_oneDOF_link_1_collision
iiwa_twoDOF_link_3
16
2.239017926 0.1446754976 0.02793817124 0.274101313 -0.2235955847 4.832325474 -45.53643509 -0.7156094976 15.2122502 -43.00936717 1.660559563 -1.554232565 1.842328427 -3.369189656 5.006997446 27.10154381 
kAffine
iiwa_twoDOF_link_5
iiwa7_twoDOF::iiwa_twoDOF_link_5_collision
iiwa_oneDOF_link_2
iiwa7_oneDOF::iiwa_oneDOF_link_2_collision
iiwa_twoDOF_link_1
16
4.246379589 -5.375680047 -35.81783872 1.229225955 -0.03442622555 -18.78280465 22.62788086 -10.01345884 3.100748493 -67.53621824 -11.90283639 -3.40463253 -2.98227417 4.230743502 37.79753003 57.1300273 
kAffine
iiwa_twoDOF_link_5
iiwa7_twoDOF::iiwa_twoDOF_link_5_collision
iiwa_oneDOF_link_3
iiwa7_oneDOF::iiwa_oneDOF_link_3_collision
iiwa_twoDOF_link_1
16
2.914242223 -5.348602084 -36.74754712 5.719850913 -1.892182798 -21.2218275 26.19260807 -14.5820093 9.313656132 -71.94481411 -14.91063528 -10.63485574 -2.436692293 4.72848458 49.80017571 61.14214859 
kAffine
iiwa_twoDOF_link_5
iiwa7_twoDOF::iiwa_twoDOF_link_5_collision
iiwa_oneDOF_link_4
iiwa7_oneDOF::iiwa_oneDOF_link_4_collision
iiwa_twoDOF_link_1
16
2.400246837 -5.478231492 -38.37458443 -2.094725635 0.7125570124 5.34188989 27.88239867 -14.60108162 19.14701703 -86.52650647 4.398092335 -13.8875037 -2.761752419 4.107980109 61.60075708 74.96470064 
kAffine
iiwa_twoDOF_link_5
iiwa7_twoDOF::iiwa_twoDOF_link_5_collision
iiwa_oneDOF_link_5
iiwa7_oneDOF::iiwa_oneDOF_link_5_collision
iiwa_twoDOF_link_1
16
0.4115187242 -14.03566009 -133.9200774 0.7112108523 -0.3899632165 -1.963858343 95.53225412 -47.74726098 159.1540603 -397.7382426 -0.9342382308 -71.02679853 -9.357400376 6.839961083 286.4073863 359.8368605 
kAffine
iiwa_twoDOF_link_5
iiwa7_twoDOF::iiwa_twoDOF_link_5_collision
iiwa_oneDOF_link_6
iiwa7_oneDOF::iiwa_oneDOF_link_6_collision
iiwa_twoDOF_link_1
16
-7.504598098 -22.29198856 -249.782337 74.08321845 -36.87614433 -165.5328655 173.9324065 -83.65065686 431.3088959 -866.0966135 -102.8930931 -141.5263704 -8.88884561 4.633739496 614.4527413 791.4853403 
kAffine
iiwa_twoDOF_link_5
iiwa7_twoDOF::iiwa_twoDOF_link_5_collision
iiwa_oneDOF_link_7
iiwa7_oneDOF::iiwa_oneDOF_link_7_collision
iiwa_twoDOF_link_1
16
-46.66611693 -36.19390077 -599.2191583 218.2529277 -111.9476661 -489.1335314 407.1352298 -192.1706649 1342.624537 -2302.707676 -314.2523991 -358.9740877 17.94356422 -14.8675652 1614.173202 2152.84497 
kAffine
iiwa_twoDOF_link_6
iiwa7_twoDOF::iiwa_twoDOF_link_6_collision
iiwa_oneDOF_link_0
iiwa7_oneDOF::iiwa_oneDOF_link_0_collision
iiwa_twoDOF_link_3
16
-8.697931683 -0.202519142 0.1295181068 -3.497062354e-06 -3.449395175e-06 2.91093854e-06 -34.90562 -0.9551548928 14.95717531 -34.39631644 5.205139381e-06 8.880811032 -0.3793939629 -3.576848838 5.483220887 21.72503104 
kAffine
iiwa_twoDOF_link_6
iiwa7_twoDOF::iiwa_twoDOF_link_6_collision
iiwa_oneDOF_link_1
iiwa7_oneDOF::iiwa_oneDOF_link_1_collision
iiwa_twoDOF_link_3
16
0.0457459956 0.2927366324 0.0140436534 1.163628607 -2.166954681 17.30319773 -51.7303585 -1.263570841 19.54283218 -49.30387045 7.240967336 1.125998306 -0.02972777053 -4.919699886 7.842393394 31.93801942 
kAffine
iiwa_twoDOF_link_6
iiwa7_twoDOF::iiwa_twoDOF_link_6_collision
iiwa_oneDOF_link_2
iiwa7_oneDOF::iiwa_oneDOF_link_2_collision
iiwa_twoDOF_link_1
16
4.00868677 -5.59479371 -38.28026976 0.7244454818 0.3287311005 -14.3367835 26.84976518 -15.2197583 3.328434942 -73.12121797 -6.726717208 -3.429408072 -1.845370778 4.448299678 44.54765558 62.81710216 
kAffine
iiwa_twoDOF_link_6
iiwa7_twoDOF::iiwa_twoDOF_link_6_collision
iiwa_oneDOF_link_3
iiwa7_oneDOF::iiwa_oneDOF_link_3_collision
iiwa_twoDOF_link_1
16
2.048368527 -4.253023618 -34.05502135 3.232847565 -0.7976716231 -14.6676795 28.92312601 -18.84638542 7.280309079 -72.09644841 -9.13269738 -10.74986229 -0.4161831409 3.938871713 52.35777385 62.31512479 
kAffine
iiwa_twoDOF_link_6
iiwa7_twoDOF::iiwa_twoDOF_link_6_collision
iiwa_oneDOF_link_4
iiwa7_oneDOF::iiwa_oneDOF_link_4_collision
iiwa_twoDOF_link_1
16
4.632163231 -7.596602423 -67.68280552 -12.03656049 2.179505027 39.00077947 60.7202461 -37.48285904 24.52557379 -163.440207 29.35149338 -28.16151385 -1.728828734 5.28639773 124.9275564 144.5333875 
kAffine
iiwa_twoDOF_link_6
iiwa7_twoDOF::iiwa_twoDOF_link_6_collision
iiwa_oneDOF_link_5
iiwa7_oneDOF::iiwa_oneDOF_link_5_collision
iiwa_twoDOF_link_1
16
4.105409069 -17.09663714 -151.9678119 -40.85861672 15.55376182 94.01929702 146.8674036 -79.47250769 152.5220831 -505.7132551 62.37638892 -82.61595362 -5.091190513 3.183239579 391.7193631 450.0942607 
kAffine
iiwa_twoDOF_link_6
iiwa7_twoDOF::iiwa_twoDOF_link_6_collision
iiwa_oneDOF_link_6
iiwa7_oneDOF::iiwa_oneDOF_link_6_collision
iiwa_twoDOF_link_1
16
-12.8205143 -62.0968473 -449.1740224 -0.0004154792131 3.121067276e-05 0.00140553432 464.1706838 -222.0208693 705.214211 -1843.898735 -0.001083680968 -267.3095226 -7.130938707 -6.871499046 1417.632549 1644.628264 
kAffine
iiwa_twoDOF_link_6
iiwa7_twoDOF::iiwa_twoDOF_link_6_collision
iiwa_oneDOF_link_7
iiwa7_oneDOF::iiwa_oneDOF_link_7_collision
iiwa_twoDOF_link_1
16
-3.253170988 -5.615445737 -36.60369808 6.872190845e-05 -2.714517495e-05 0.000184356815 38.47337168 -16.3137565 81.92603415 -177.2727273 -4.785448636e-05 -22.80460226 1.711381238 -2.731024358 132.7573668 159.3928685 
kAffine
iiwa_twoDOF_link_7
iiwa7_twoDOF::iiwa_twoDOF_link_7_collision
iiwa_oneDOF_link_0
iiwa7_oneDOF::iiwa_oneDOF_link_0_collision
iiwa_twoDOF_link_3
16
-9.134268702 -0.364213241 0.1241188991 7.434457654e-13 3.41814145e-13 3.186955581e-12 -29.00863608 -1.374220337 13.1650637 -29.27403869 1.103864779e-09 9.634760289 -1.654984366 -3.889990458 5.335199236 18.88621012 
kAffine
iiwa_twoDOF_link_7
iiwa7_twoDOF::iiwa_twoDOF_link_7_collision
iiwa_oneDOF_link_1
iiwa7_oneDOF::iiwa_oneDOF_link_1_collision
iiwa_twoDOF_link_3
16
-4.089494616 0.09938199896 0.2386132122 2.625626427 -4.002754116 14.98856737 -42.53828756 -1.654149711 17.73028792 -41.42954184 6.228652498 5.57127578 -4.572697489 -4.844983966 8.200731735 26.90603799 
kAffine
iiwa_twoDOF_link_7
iiwa7_twoDOF::iiwa_twoDOF_link_7_collision
iiwa_oneDOF_link_2
iiwa7_oneDOF::iiwa_oneDOF_link_2_collision
iiwa_twoDOF_link_1
16
3.989679487 -6.144604419 -41.83293985 0.6310553773 1.006427544 -20.79312683 32.62294342 -20.62346524 3.526973511 -81.5730716 -6.517070199 -3.608266991 -0.09503650915 4.16904427 53.21296479 70.28501074 
kAffine
iiwa_twoDOF_link_7
iiwa7_twoDOF::iiwa_twoDOF_link_7_collision
iiwa_oneDOF_link_3
iiwa7_oneDOF::iiwa_oneDOF_link_3_collision
iiwa_twoDOF_link_1
16
1.27583634 -3.726459856 -33.26927985 2.799729783 -0.05609564432 -18.10928122 33.02361273 -22.97529546 5.362856725 -75.91049392 -9.766912461 -12.14848798 2.529109914 2.406770708 55.97464625 66.31186983 
kAffine
iiwa_twoDOF_link_7
iiwa7_twoDOF::iiwa_twoDOF_link_7_collision
iiwa_oneDOF_link_4
iiwa7_oneDOF::iiwa_oneDOF_link_4_collision
iiwa_twoDOF_link_1
16
6.613746026 -8.589330769 -80.72636631 -8.775889613 -2.4719335 59.05714349 86.45264672 -58.1473703 20.62619774 -208.1342024 40.00764396 -37.04878455 5.858555453 2.057022595 162.6598816 183.865666 
kAffine
iiwa_twoDOF_link_7
iiwa7_twoDOF::iiwa_twoDOF_link_7_collision
iiwa_oneDOF_link_5
iiwa7_oneDOF::iiwa_oneDOF_link_5_collision
iiwa_twoDOF_link_1
16
35.77302592 -50.37851444 -353.5790483 -93.72722395 25.24044052 273.5281437 443.7479228 -269.6192269 272.544639 -1265.547442 175.4939213 -190.4715526 20.18092794 -10.75921748 1030.641225 1094.661083 
kAffine
iiwa_twoDOF_link_7
iiwa7_twoDOF::iiwa_twoDOF_link_7_collision
iiwa_oneDOF_link_6
iiwa7_oneDOF::iiwa_oneDOF_link_6_collision
iiwa_twoDOF_link_1
16
3.251940517 -6.92803314 -33.90819182 -7.325023871e-05 2.356067629e-05 -4.654319197e-05 45.31307947 -24.83402176 45.65609076 -155.4004725 -8.505699605e-05 -18.73075241 -0.07608133498 -0.8015911857 127.234926 134.119636 
kAffine
iiwa_twoDOF_link_7
iiwa7_twoDOF::iiwa_twoDOF_link_7_collision
iiwa_oneDOF_link_7
iiwa7_oneDOF::iiwa_oneDOF_link_7_collision
iiwa_twoDOF_link_1
16
-1.193458504 -5.947766257 -26.51873101 4.828489621e-10 4.958785998e-12 -8.754822176e-12 38.42668523 -17.29328051 53.01412714 -146.5718621 -3.834313207e-10 -17.25052591 1.407393795 -3.209305137 120.6438312 129.8500921 
kAffine
iiwa_oneDOF_link_0
iiwa7_oneDOF::iiwa_oneDOF_link_0_collision
iiwa_oneDOF_link_2
iiwa7_oneDOF::iiwa_oneDOF_link_2_collision
iiwa_oneDOF_link_2
16
4.499305561 -0.9367568509 -249.370763 0.7978563999 -2.035038096 -24.6877576 3.617491681 -1.52339513 -8.465150256 4.999452064 -210.0413781 -5.569897835 -0.05433756116 -0.09787826312 -1.790018581 -28.69589615 
kAffine
iiwa_oneDOF_link_0
iiwa7_oneDOF::iiwa_oneDOF_link_0_collision
iiwa_oneDOF_link_3
iiwa7_oneDOF::iiwa_oneDOF_link_3_collision
iiwa_oneDOF_link_2
16
0.2624241939 0.2558353578 -61.19759561 7.511985816 -4.67223502 -29.21461099 2.528801461 -1.257056903 -7.144342743 -3.343022547 -71.33995508 -3.686176818 -1.226532462 0.6413629135 0.5601714931 -1.962920973 
kAffine
iiwa_oneDOF_link_0
iiwa7_oneDOF::iiwa_oneDOF_link_0_collision
iiwa_oneDOF_link_4
iiwa7_oneDOF::iiwa_oneDOF_link_4_collision
iiwa_oneDOF_link_2
16
-0.60362465 0.5605493713 -30.46947923 8.038316745 -4.078787174 -32.55475315 -1.766519298 0.8736583903 5.051940594 5.638276873 -59.73956067 2.577124825 -1.934759675 0.9478038619 6.836803419 9.231841743 
kAffine
iiwa_oneDOF_link_0
iiwa7_oneDOF::iiwa_oneDOF_link_0_collision
iiwa_oneDOF_link_5
iiwa7_oneDOF::iiwa_oneDOF_link_5_collision
iiwa_oneDOF_link_2
16
-0.4780411828 0.4163638582 -15.3849701 6.44484474 -2.977081735 -24.87395787 -0.5323082135 0.2614309918 1.526509653 7.592014843 -73.12912994 2.549518527 -2.218101544 1.032571353 8.744242133 23.80199345 
kAffine
iiwa_oneDOF_link_0
iiwa7_oneDOF::iiwa_oneDOF_link_0_collision
iiwa_oneDOF_link_6
iiwa7_oneDOF::iiwa_oneDOF_link_6_collision
iiwa_oneDOF_link_2
16
-0.4354208177 0.4031459263 -13.44049622 6.771405173 -3.082587599 -25.6458871 -2.705214358e-05 1.299946989e-05 6.421867476e-05 8.572226905 -65.11214309 0.0002731894755 -2.716979915 1.253483082 10.68435908 23.72795704 
kAffine
iiwa_oneDOF_link_0
iiwa7_oneDOF::iiwa_oneDOF_link_0_collision
iiwa_oneDOF_link_7
iiwa7_oneDOF::iiwa_oneDOF_link_7_collision
iiwa_oneDOF_link_2
16
-0.5081674615 0.4985699595 -15.8482936 8.802119227 -3.973797863 -32.9881456 -3.368045724e-05 1.591957464e-05 7.911735456e-05 12.05018053 -68.4351915 0.0002833527229 -3.92032612 1.801096123 15.43837124 26.01762224 
kAffine
iiwa_oneDOF_link_1
iiwa7_oneDOF::iiwa_oneDOF_link_1_collision
iiwa_oneDOF_link_3
iiwa7_oneDOF::iiwa_oneDOF_link_3_collision
iiwa_oneDOF_link_2
16
-4.961563782 1.587832223 -99.22613691 51.17759471 -39.97325444 -211.8062996 8.172345517 -4.466349615 -27.25181816 -19.69950635 -415.5513372 -20.00587871 -6.151593512 4.73893264 18.87794736 46.46109388 
kAffine
iiwa_oneDOF_link_1
iiwa7_oneDOF::iiwa_oneDOF_link_1_collision
iiwa_oneDOF_link_4
iiwa7_oneDOF::iiwa_oneDOF_link_4_collision
iiwa_oneDOF_link_2
16
-0.8383368054 0.4791890437 -19.12853385 16.62269939 -8.98759561 -55.97550758 0.03572453107 -0.01315451173 -0.122794113 1.247738182 -155.9169841 -0.05457900007 -3.48218075 1.851296197 10.84513361 31.77725759 
kAffine
iiwa_oneDOF_link_1
iiwa7_oneDOF::iiwa_oneDOF_link_1_collision
iiwa_oneDOF_link_5
iiwa7_oneDOF::iiwa_oneDOF_link_5_collision
iiwa_oneDOF_link_2
16
-0.7405861883 0.4522585569 -7.291565987 9.566728084 -4.52057612 -30.87684209 0.2197508869 -0.09509134755 -0.7210141321 2.255953084 -92.03853943 -1.593929302 -2.935225383 1.391395903 9.194994916 25.02341739 
kAffine
iiwa_oneDOF_link_1
iiwa7_oneDOF::iiwa_oneDOF_link_1_collision
iiwa_oneDOF_link_6
iiwa7_oneDOF::iiwa_oneDOF_link_6_collision
iiwa_oneDOF_link_2
16
-0.6895678322 0.4093654434 -5.37758548 8.307227085 -3.820540145 -26.66152706 0.3892247367 -0.1740069477 -1.32545073 1.031051736 -77.40541854 -3.539319755 -3.000060534 1.385575192 9.455955092 24.20723508 
kAffine
iiwa_oneDOF_link_1
iiwa7_oneDOF::iiwa_oneDOF_link_1_collision
iiwa_oneDOF_link_7
iiwa7_oneDOF::iiwa_oneDOF_link_7_collision
iiwa_oneDOF_link_2
16
-0.7272896451 0.4334027689 -5.013823886 8.178790665 -3.708026263 -26.18932354 0.3344238644 -0.1439305341 -1.145665489 1.123587472 -71.33331583 -3.021435772 -3.315892623 1.510742503 10.48767999 24.52951088 
