37 3
1 0 0 
0 1 0 
0 0 1 
-1 -0 -0 
-0 -1 -0 
-0 -0 -1 
0.2928034766 -0.1459093006 -0.9449743912 
0.3082379264 -0.1609806826 -0.9375897827 
0.3655350862 -0.1919953326 -0.9107809248 
0.4556908299 -0.2524826751 -0.8535797364 
0.2710155015 -0.1358949578 -0.9529339738 
0.2802778699 -0.1414299961 -0.9494429271 
0.3621334814 -0.1961220584 -0.9112603798 
0.369120896 -0.2005782829 -0.9074789896 
0.3804696141 -0.207862595 -0.9011304092 
0.4001255848 -0.2206203255 -0.8895089591 
0.4321162084 -0.2418174749 -0.8687922026 
0.4754748042 -0.271618105 -0.8367480598 
0.3050682403 -0.1680901672 -0.9373788266 
0.317321437 -0.1811214226 -0.9308609649 
0.3167728243 -0.1805327095 -0.9311621333 
-0.2010940331 0.1321693655 -0.9706144696 
-0.201019148 0.1321318397 -0.9706350906 
-0.200944898 0.1320927536 -0.9706557847 
0.5543476244 -0.3229755731 -0.7670628987 
0.6629419474 -0.4553061266 -0.5943099406 
0.5555292553 -0.3279709114 -0.7640826708 
0.5703797801 -0.344075613 -0.7458410548 
-0.9308188113 0.3654809715 3.404168887e-08 
-2.44598675e-07 -2.132225844e-07 1 
-0.9525146166 -0.3044928654 -2.103046004e-08 
-0.952434607 -0.3047424796 -0.0005835833988 
-0.9734324769 -0.2289742627 -6.087026326e-06 
2.489870087e-07 -1.593110179e-07 1 
-1.893564237e-08 1.591106374e-08 1 
-2.387976939e-07 6.882311977e-08 1 
-6.226757962e-08 3.87888085e-08 1 

1.132834297 1.547684608 1.183621894 1.183621894 1.602696906 1.183621894 0.5681645682 1.714168176 1.797176463 1.928893166 0.5339697206 1.665384761 0.5001177202 0.4979530873 0.494377681 0.4880156687 0.4948260894 0.4613593303 0.5097667674 0.5015748289 0.50194099 0.6142433028 0.6142395029 0.6142340136 0.4359913038 0.3480423999 0.4319237293 0.4214026402 0.1266765 1.183622505 1.603787294 1.604749255 0.6268094438 1.183622426 1.183621941 1.183622273 0.1780267219 
137
kAffine
box1
box_scene::Box1
iiwa_twoDOF_link_2
iiwa7_twoDOF::iiwa_twoDOF_link_2_collision
iiwa_twoDOF_link_2
16
-590.9054692 -3.759002468 -1.090637745 312.4767316 -3.195687039 -1.626066674 -0.5861621717 -0.4627924847 -4.299617042 -3.776449547 -336.9905214 -3.033471618 -10.33588336 0.2314266601 4.965635681 -76.00629183 
kAffine
box1
box_scene::Box1
iiwa_twoDOF_link_3
iiwa7_twoDOF::iiwa_twoDOF_link_3_collision
iiwa_twoDOF_link_2
16
-276.2019302 -5.023945132 -2.298425068 213.2788741 -2.054373542 -9.45650422 1.746036856 -1.095887813 -10.33030042 -21.09305203 -210.3702805 -3.73576456 -45.54542918 -0.1232204372 6.076783944 -17.69078589 
kAffine
box1
box_scene::Box1
iiwa_twoDOF_link_4
iiwa7_twoDOF::iiwa_twoDOF_link_4_collision
iiwa_twoDOF_link_2
16
-72.08464551 -2.191894074 -2.513860578 67.01353923 -0.03361720948 -8.104474052 -0.4608324852 0.5217100158 6.015167091 -12.33424961 -63.39676819 1.728023148 -22.8756026 0.7495555007 -0.7056647898 3.473999986 
kAffine
box1
box_scene::Box1
iiwa_twoDOF_link_5
iiwa7_twoDOF::iiwa_twoDOF_link_5_collision
iiwa_twoDOF_link_2
16
-79.56161528 -3.425631901 0.06189524872 64.65658617 0.6074812459 -15.12486908 -0.2110363541 0.4155969066 6.181514769 -10.80764792 -62.3612786 1.409403408 -18.18746498 2.211345339 -2.576063152 4.026981341 
kAffine
box1
box_scene::Box1
iiwa_twoDOF_link_6
iiwa7_twoDOF::iiwa_twoDOF_link_6_collision
iiwa_twoDOF_link_2
16
-75.53303595 -4.840910182 1.308965121 59.29116922 1.703593109 -16.25384429 -0.0004152379424 -1.921567048e-05 6.217166347e-05 -11.22406371 -58.36026719 0.0001887264889 -16.33602386 3.185303897 -4.150196324 4.902365263 
kAffine
box1
box_scene::Box1
iiwa_twoDOF_link_7
iiwa7_twoDOF::iiwa_twoDOF_link_7_collision
iiwa_twoDOF_link_2
16
-73.07082248 -7.700172862 2.030260871 56.93960904 3.299407648 -17.85775628 -0.0004030508515 -3.255250128e-05 7.09826808e-05 -12.93634633 -58.14164522 0.0001792384314 -14.97945118 4.135457623 -5.573967745 7.081447114 
kAffine
box1
box_scene::Box1
iiwa_oneDOF_link_2
iiwa7_oneDOF::iiwa_oneDOF_link_2_collision
iiwa_oneDOF_link_2
16
-0.3366058146 0.2723901563 -451.5618576 1.137194842 -0.7221871098 -156.4629276 1.70810429 -0.4520506536 -5.639141909 11.96458339 -277.0568899 -4.521867532 -1.113325538 0.5898030735 -19.70591063 -63.72277885 
kAffine
box1
box_scene::Box1
iiwa_oneDOF_link_3
iiwa7_oneDOF::iiwa_oneDOF_link_3_collision
iiwa_oneDOF_link_2
16
-0.3960482165 0.2358994095 -67.76169167 0.9813609976 -0.4714802467 -30.48844883 1.10073935 -0.4080297054 -1.959877945 4.189497003 -48.37550946 -1.551357457 -0.4069241605 0.2185020894 -1.903899165 -5.906328801 
kAffine
box1
box_scene::Box1
iiwa_oneDOF_link_4
iiwa7_oneDOF::iiwa_oneDOF_link_4_collision
iiwa_oneDOF_link_2
16
-0.3276987658 0.2062299566 -39.40804769 1.365426004 -0.6373349352 -21.09820027 -1.299855828 0.5049452013 2.178843511 3.872825928 -31.50158852 1.763289076 -0.5042315936 0.2552931841 0.3359241966 -0.9522771939 
kAffine
box1
box_scene::Box1
iiwa_oneDOF_link_5
iiwa7_oneDOF::iiwa_oneDOF_link_5_collision
iiwa_oneDOF_link_2
16
-0.272501158 0.1726779682 -26.86986443 1.892518652 -0.8526183378 -19.38531972 -0.8630930847 0.3648626375 1.77581438 4.848361113 -25.7791291 1.17660297 -0.8983607545 0.4165450781 3.147402451 2.251168166 
kAffine
box1
box_scene::Box1
iiwa_oneDOF_link_6
iiwa7_oneDOF::iiwa_oneDOF_link_6_collision
iiwa_oneDOF_link_2
16
-0.2857958344 0.1775178486 -22.37920338 2.156335772 -0.9595569757 -18.11448662 -9.253126361e-06 4.240225937e-06 9.603973886e-06 5.048554978 -23.22489802 0.0001011922425 -1.116023607 0.5132866596 4.294414625 3.521483996 
kAffine
box1
box_scene::Box1
iiwa_oneDOF_link_7
iiwa7_oneDOF::iiwa_oneDOF_link_7_collision
iiwa_oneDOF_link_2
16
-0.3013325725 0.1821632373 -19.18523022 2.317303704 -1.022966587 -16.95463087 -9.311544813e-06 4.240952568e-06 1.136810554e-05 5.052864267 -21.04512882 9.071130358e-05 -1.296354231 0.5929859002 5.165792194 4.329409865 
kAffine
box2
box_scene::Box1
iiwa_twoDOF_link_2
iiwa7_twoDOF::iiwa_twoDOF_link_2_collision
iiwa_twoDOF_link_2
16
-35.05801098 9.204968999 -1.375482599 -577.9178499 -7.006701455 -2.405681956 2.092069126 -1.386049665 -8.650571251 296.7496765 14.79078348 -3.020942381 1.668334282 -3.505473919 5.764600142 -98.13660385 
kAffine
box2
box_scene::Box1
iiwa_twoDOF_link_3
iiwa7_twoDOF::iiwa_twoDOF_link_3_collision
iiwa_twoDOF_link_2
16
992.3265842 77.41775393 -34.65941256 -3343.881543 -5.34263511 -43.29622301 -7.857846841 -0.3674383667 -3.37677787 1929.199013 89.07657536 -7.449009783 659.7454144 -39.60842586 19.45802576 -560.6895162 
kAffine
box2
box_scene::Box1
iiwa_twoDOF_link_4
iiwa7_twoDOF::iiwa_twoDOF_link_4_collision
iiwa_twoDOF_link_2
16
1720.485395 57.90869274 -39.02215765 -5089.249462 -15.0860369 -43.75748127 16.21127647 0.8995574678 1.323378324 2921.244525 74.09532315 12.02974383 1151.692432 -36.89320767 22.28835258 -765.2763284 
kAffine
box2
box_scene::Box1
iiwa_twoDOF_link_5
iiwa7_twoDOF::iiwa_twoDOF_link_5_collision
iiwa_twoDOF_link_2
16
-37.16474858 22.05816451 -2.907618817 -656.6984656 -25.46966319 -7.854137689 1.686640614 0.7464378812 2.950498106 347.521922 11.99064097 2.621928564 44.22600452 -16.01600292 3.899046628 -121.4372715 
kAffine
box2
box_scene::Box1
iiwa_twoDOF_link_6
iiwa7_twoDOF::iiwa_twoDOF_link_6_collision
iiwa_twoDOF_link_2
16
-174.8746979 59.37083371 -0.1262882092 -1069.353855 -67.12408017 -8.627845547 0.003686235315 0.0003866203022 5.231226594e-05 594.5035339 14.12264576 0.001505146612 37.36584878 -44.59154603 5.960539644 -204.0326347 
kAffine
box2
box_scene::Box1
iiwa_twoDOF_link_7
iiwa7_twoDOF::iiwa_twoDOF_link_7_collision
iiwa_twoDOF_link_2
16
-410.7532038 128.4533908 0.1982676535 -1924.820251 -130.6850071 -8.224970723 0.005980289212 0.000820895344 3.073802867e-05 1088.850927 29.21026126 0.002782068533 44.29181349 -91.6157961 5.149523872 -379.0285264 
kAffine
box2
box_scene::Box1
iiwa_oneDOF_link_2
iiwa7_oneDOF::iiwa_oneDOF_link_2_collision
iiwa_oneDOF_link_2
16
-0.0016708629 0.02466515051 -1.100417997 0.2253646829 -0.05308412807 -14.96773193 0.5221765481 -0.2413924039 -0.6995799668 12.85623782 -1.230641381 -0.4475395267 -0.1116850086 0.03914533689 -5.430620735 -10.35276696 
kAffine
box2
box_scene::Box1
iiwa_oneDOF_link_3
iiwa7_oneDOF::iiwa_oneDOF_link_3_collision
iiwa_oneDOF_link_2
16
-0.02717792607 0.04848981023 -0.8363677566 0.4837736302 -0.1540718344 -18.54658182 0.7007760825 -0.3237760895 -0.7930743571 15.57736629 -0.6097138058 -0.566955396 -0.1703378349 0.04968695344 -3.163435121 -12.86040471 
kAffine
box2
box_scene::Box1
iiwa_oneDOF_link_4
iiwa7_oneDOF::iiwa_oneDOF_link_4_collision
iiwa_oneDOF_link_2
16
-0.0542085241 0.07546138787 -0.1547589889 0.6978737669 -0.2378578636 -21.3506803 -1.016265462 0.4708112645 1.04217894 17.69657704 0.07723198155 0.7959152454 -0.2364981201 0.06554793831 -0.9353509172 -14.94286208 
kAffine
box2
box_scene::Box1
iiwa_oneDOF_link_5
iiwa7_oneDOF::iiwa_oneDOF_link_5_collision
iiwa_oneDOF_link_2
16
-0.07901522606 0.09205686023 1.410035923 0.8634680213 -0.3281388138 -21.97976053 -0.7968393674 0.3472564298 0.9787014447 17.99176374 1.424297556 0.7637086996 -0.3907440143 0.1055893369 3.236764318 -15.97333128 
kAffine
box2
box_scene::Box1
iiwa_oneDOF_link_6
iiwa7_oneDOF::iiwa_oneDOF_link_6_collision
iiwa_oneDOF_link_2
16
-0.08590335588 0.105285424 2.25547379 0.9552071194 -0.3655253849 -22.43799069 -3.626969208e-06 1.532955453e-06 9.263297281e-05 18.30514045 2.155699508 4.05071613e-05 -0.4284309195 0.1240125891 5.455624748 -16.57557497 
kAffine
box2
box_scene::Box1
iiwa_oneDOF_link_7
iiwa7_oneDOF::iiwa_oneDOF_link_7_collision
iiwa_oneDOF_link_2
16
-0.09074300099 0.1158285385 3.06686878 1.037264485 -0.3978028898 -22.66631326 -4.050879863e-06 1.768573127e-06 9.139622902e-05 18.49540457 2.848871722 3.861472678e-05 -0.4521532477 0.1407130676 7.543410296 -17.02755474 
kAffine
box3
box_scene::Box1
iiwa_twoDOF_link_2
iiwa7_twoDOF::iiwa_twoDOF_link_2_collision
iiwa_twoDOF_link_2
16
178.5870551 4.626584595 -0.3291116338 2.20211209 3.245945216 -2.119265295 4.718582192 -1.784519417 -14.67966828 -11.79415348 118.5569248 -5.201459086 2.527035613 -2.52863139 17.33328005 -93.72025961 
kAffine
box3
box_scene::Box1
iiwa_twoDOF_link_3
iiwa7_twoDOF::iiwa_twoDOF_link_3_collision
iiwa_twoDOF_link_2
16
296.4315072 5.827964439 0.5567685633 1.000853305 5.268711368 -9.28093227 7.897335985 -2.388660798 -20.3766035 -15.07817157 190.415498 -8.692840461 -0.9038671541 -4.72939794 19.88247544 -171.0740122 
kAffine
box3
box_scene::Box1
iiwa_twoDOF_link_4
iiwa7_twoDOF::iiwa_twoDOF_link_4_collision
iiwa_twoDOF_link_2
16
72.20178177 0.9415713641 0.3350011613 -0.6221382262 0.8111541789 -4.019450809 -1.571471246 0.5723778726 7.453140928 -2.793451998 45.92236088 1.40340226 -4.748868097 -0.1495823838 0.4117277988 -40.50250628 
kAffine
box3
box_scene::Box1
iiwa_twoDOF_link_5
iiwa7_twoDOF::iiwa_twoDOF_link_5_collision
iiwa_twoDOF_link_2
16
358.6146266 0.02044142859 0.9403295497 -15.73991826 -1.804492359 -8.207615646 -1.639284315 1.084376661 6.271645334 -1.508826544 214.9102563 2.194387272 -61.20585059 4.228410443 3.727998454 -225.3227422 
kAffine
box3
box_scene::Box1
iiwa_twoDOF_link_6
iiwa7_twoDOF::iiwa_twoDOF_link_6_collision
iiwa_twoDOF_link_2
16
1353.793404 -1.518050799 0.04374406201 -63.58151255 -6.724023826 -8.878748843 0.004433420176 6.299847976e-05 -5.43738653e-05 8.608983625 802.9305397 -0.00273892901 -259.0354809 9.465277438 3.644391029 -879.6449597 
kAffine
box3
box_scene::Box1
iiwa_twoDOF_link_7
iiwa7_twoDOF::iiwa_twoDOF_link_7_collision
iiwa_twoDOF_link_2
16
29705.26299 -7.501482517 -6.536002862 -1472.96161 -51.90337472 -1.368168933 0.08423606356 0.0001707459479 -1.232620607e-05 376.2144253 17663.33762 -0.06388274105 -6070.982385 61.34001965 3.74320451 -19700.62348 
kAffine
box3
box_scene::Box1
iiwa_oneDOF_link_2
iiwa7_oneDOF::iiwa_oneDOF_link_2_collision
iiwa_oneDOF_link_2
16
-0.359972522 0.09548890218 28.18546698 0.3911100888 -0.1212976848 -10.22036582 0.7117538175 -0.3001916794 -1.648224548 6.747677578 21.85217546 -1.057273301 0.05924885874 -0.02822193644 -6.322424648 -15.53588491 
kAffine
box3
box_scene::Box1
iiwa_oneDOF_link_3
iiwa7_oneDOF::iiwa_oneDOF_link_3_collision
iiwa_oneDOF_link_2
16
-0.9641701436 0.2316172595 98.99772303 1.303212707 -0.4183840674 -29.34757877 2.162568273 -0.8731901786 -5.819810292 15.34971417 71.89503602 -3.232510898 -0.02465381726 -0.02296669165 -8.92084667 -60.39224055 
kAffine
box3
box_scene::Box1
iiwa_oneDOF_link_4
iiwa7_oneDOF::iiwa_oneDOF_link_4_collision
iiwa_oneDOF_link_2
16
-0.3076709717 0.08094113106 39.43970866 0.4551925531 -0.1548622838 -9.225092599 -0.8317773199 0.3600473892 2.211219589 4.402078177 27.63795204 1.322485174 -0.01765197749 -0.01534066534 -0.7334636014 -24.83812787 
kAffine
box3
box_scene::Box1
iiwa_oneDOF_link_5
iiwa7_oneDOF::iiwa_oneDOF_link_5_collision
iiwa_oneDOF_link_2
16
-0.2090395484 0.02434304092 80.79809891 0.6281363607 -0.2472753638 -14.05921607 -0.6111976108 0.2720517289 2.225443494 4.354130031 52.81496374 1.149147399 -0.3935999158 0.1360805425 6.721251212 -53.57840438 
kAffine
box3
box_scene::Box1
iiwa_oneDOF_link_6
iiwa7_oneDOF::iiwa_oneDOF_link_6_collision
iiwa_oneDOF_link_2
16
-0.1367799059 -0.007987337451 115.7230976 0.8179058332 -0.3444593499 -19.35748733 9.832276879e-07 9.700784238e-07 0.000252973517 4.833528118 74.28980509 -0.0002607481837 -0.5748090334 0.2250142116 12.25251344 -77.79807701 
kAffine
box3
box_scene::Box1
iiwa_oneDOF_link_7
iiwa7_oneDOF::iiwa_oneDOF_link_7_collision
iiwa_oneDOF_link_2
16
-0.06090563681 -0.04438431829 173.1184237 1.152628602 -0.5006760361 -29.97292797 -4.395459347e-06 1.721304052e-06 0.0005694819966 6.390742387 110.1072733 -0.0003874881841 -0.8325053439 0.354776631 19.27238995 -117.87798 
kAffine
box4
box_scene::Box1
iiwa_twoDOF_link_2
iiwa7_twoDOF::iiwa_twoDOF_link_2_collision
iiwa_twoDOF_link_2
16
6.893001541 -0.01904878189 0.07570025253 17.45094431 0.5164586601 0.1100428835 0.5755041071 -0.288219661 -2.321087374 -15.29449652 3.199034478 -0.7017092896 -0.4318475402 -0.2585397673 2.546441741 -14.42410107 
kAffine
box4
box_scene::Box1
iiwa_twoDOF_link_3
iiwa7_twoDOF::iiwa_twoDOF_link_3_collision
iiwa_twoDOF_link_2
16
10.03448764 -0.02535948768 0.1645778249 19.55342587 0.405439245 -0.7666430563 0.6214465727 -0.2967926829 -2.660875115 -17.21796589 5.356687497 -0.9385061746 -5.300421841 -0.1788744298 2.752330158 -16.84979196 
kAffine
box4
box_scene::Box1
iiwa_twoDOF_link_4
iiwa7_twoDOF::iiwa_twoDOF_link_4_collision
iiwa_twoDOF_link_2
16
9.876592395 0.02233554208 0.02646948807 19.17716918 0.3210316094 -2.755207774 -0.7574524028 0.1992935565 4.479533279 -16.59988237 5.674395023 1.146388509 -6.591101676 0.4180096282 -0.1209270148 -14.85197493 
kAffine
box4
box_scene::Box1
iiwa_twoDOF_link_5
iiwa7_twoDOF::iiwa_twoDOF_link_5_collision
iiwa_twoDOF_link_2
16
14.13771049 0.3446283279 0.06630345688 28.14667125 0.2953720366 -4.01802928 -0.6377815567 0.145866321 4.290987884 -23.94451178 7.766296469 1.076106413 -10.81710045 2.041532484 -0.6498691392 -23.77977505 
kAffine
box4
box_scene::Box1
iiwa_twoDOF_link_6
iiwa7_twoDOF::iiwa_twoDOF_link_6_collision
iiwa_twoDOF_link_2
16
16.25932245 0.5741876333 0.1868158255 32.64791308 0.3398650483 -4.449603134 -7.950563986e-05 1.272461954e-06 1.671132544e-05 -27.61325102 8.929575914 -0.0001098214179 -12.99650708 2.761958429 -0.9435420096 -28.54776919 
kAffine
box4
box_scene::Box1
iiwa_twoDOF_link_7
iiwa7_twoDOF::iiwa_twoDOF_link_7_collision
iiwa_twoDOF_link_2
16
19.59412879 0.9217963943 0.3089663044 39.50953211 0.4486242429 -5.006571574 -9.3131835e-05 7.981806372e-07 1.921003406e-05 -33.36969911 10.74055046 -0.000128001738 -15.99523619 3.677292295 -1.240290245 -35.94074649 
kAffine
box4
box_scene::Box1
iiwa_oneDOF_link_2
iiwa7_oneDOF::iiwa_oneDOF_link_2_collision
iiwa_oneDOF_link_2
16
-1.085188996 0.3691980056 30.92900039 -0.9076612341 0.2113173384 196.5858445 1.365909233 -0.4966511095 -5.222030876 -128.0768176 14.49751184 -2.825262929 0.0963202589 -0.01843383583 -12.04587612 -35.6112591 
kAffine
box4
box_scene::Box1
iiwa_oneDOF_link_3
iiwa7_oneDOF::iiwa_oneDOF_link_3_collision
iiwa_oneDOF_link_2
16
-0.4050001332 0.1269271255 14.08138969 0.1163462847 -0.06309146815 78.48113843 0.7149973406 -0.305593788 -2.056444662 -69.3092367 10.53987159 -0.9670624107 -0.04556971821 0.03689537371 -21.19678973 -18.92036387 
kAffine
box4
box_scene::Box1
iiwa_oneDOF_link_4
iiwa7_oneDOF::iiwa_oneDOF_link_4_collision
iiwa_oneDOF_link_2
16
-0.1753700288 0.03414402276 10.6354898 0.3284251619 -0.1459855401 53.34686322 -0.2815433125 0.1311071882 1.346159081 -54.27081281 9.432146997 0.6730680272 -0.2496116242 0.1138757555 -21.48091718 -14.92426417 
kAffine
box4
box_scene::Box1
iiwa_oneDOF_link_5
iiwa7_oneDOF::iiwa_oneDOF_link_5_collision
iiwa_oneDOF_link_2
16
-0.3802349743 0.1228062575 28.78020825 0.5281231393 -0.2319739001 137.4891893 0.07631407029 -0.02134180611 2.074593314 -158.7136475 29.92542565 0.1718632677 -0.7308206601 0.31614199 -76.58635944 -45.87594761 
kAffine
box4
box_scene::Box1
iiwa_oneDOF_link_6
iiwa7_oneDOF::iiwa_oneDOF_link_6_collision
iiwa_oneDOF_link_2
16
-0.5850772679 0.214032609 49.82620106 0.4892023307 -0.1991221486 211.5551397 -3.304653859e-07 1.556462997e-07 -0.000592922345 -268.7050644 54.97750636 -0.0008720774458 -0.615247956 0.2513189186 -143.6782417 -78.35331594 
kAffine
box4
box_scene::Box1
iiwa_oneDOF_link_7
iiwa7_oneDOF::iiwa_oneDOF_link_7_collision
iiwa_oneDOF_link_2
16
-0.7454295609 0.2514301035 63.47569292 0.8831987767 -0.3559982037 250.594147 -5.22224466e-06 1.974971832e-06 -0.00075204489 -351.5271773 76.2286889 -0.001212812488 -1.080450972 0.4374054115 -200.2940455 -100.349901 
kAffine
iiwa_twoDOF_link_0
iiwa7_twoDOF::iiwa_twoDOF_link_0_collision
iiwa_twoDOF_link_2
iiwa7_twoDOF::iiwa_twoDOF_link_2_collision
iiwa_twoDOF_link_2
16
-802.2008102 -15.68371748 -11.87405538 249.370807 -6.328774071 -19.79633484 3.683442293 -3.36721171 -15.70568455 -69.29162018 -596.2307772 -5.839729317 -17.77337579 -1.023616959 1.606339851 -90.55818004 
kAffine
iiwa_twoDOF_link_0
iiwa7_twoDOF::iiwa_twoDOF_link_0_collision
iiwa_twoDOF_link_3
iiwa7_twoDOF::iiwa_twoDOF_link_3_collision
iiwa_twoDOF_link_2
16
-109.119456 -4.790433966 -1.9021387 24.16412918 -4.189607311 -45.02473779 2.65086684 -1.437605767 -8.733167709 -14.78994791 -100.4864024 -3.96239932 -4.540016795 0.4977865173 4.568656988 -3.591475733 
kAffine
iiwa_twoDOF_link_0
iiwa7_twoDOF::iiwa_twoDOF_link_0_collision
iiwa_twoDOF_link_4
iiwa7_twoDOF::iiwa_twoDOF_link_4_collision
iiwa_twoDOF_link_2
16
-30.66707487 -4.408516504 -0.4819510762 3.46174704 -2.887125642 -29.5660518 -1.455671594 0.7844537561 5.535753436 1.817222857 -42.41651588 2.762871365 -0.1210036673 0.8351771943 4.903553676 3.947856295 
kAffine
iiwa_twoDOF_link_0
iiwa7_twoDOF::iiwa_twoDOF_link_0_collision
iiwa_twoDOF_link_5
iiwa7_twoDOF::iiwa_twoDOF_link_5_collision
iiwa_twoDOF_link_2
16
-14.78810936 -12.39256007 0.8148773476 4.138374199 -1.094927778 -23.6722256 -0.9531743908 0.283897653 3.906189751 -1.047721807 -34.92670233 2.30622062 0.6642484734 -0.03807448744 3.600998679 4.63318705 
kAffine
iiwa_twoDOF_link_0
iiwa7_twoDOF::iiwa_twoDOF_link_0_collision
iiwa_twoDOF_link_6
iiwa7_twoDOF::iiwa_twoDOF_link_6_collision
iiwa_twoDOF_link_2
16
-7.473505457 -16.04732332 0.5922462137 2.985551942 -0.4880977164 -18.61820808 -3.154100724e-05 -4.339560012e-05 7.017661707e-05 -0.9764973771 -28.92375696 0.0001090458594 1.343096003 -0.4281644652 2.880694324 5.329013468 
kAffine
iiwa_twoDOF_link_0
iiwa7_twoDOF::iiwa_twoDOF_link_0_collision
iiwa_twoDOF_link_7
iiwa7_twoDOF::iiwa_twoDOF_link_7_collision
iiwa_twoDOF_link_2
16
-3.91631185 -16.04586173 0.4085009663 1.769840777 -0.9063237254 -13.09521156 -1.689327328e-05 -3.9250022e-05 4.918539183e-05 0.5833797762 -21.89050093 8.19563503e-05 1.300926683 -0.6849683182 2.368175064 6.014430058 
kAffine
iiwa_twoDOF_link_0
iiwa7_twoDOF::iiwa_twoDOF_link_0_collision
iiwa_oneDOF_link_2
iiwa7_oneDOF::iiwa_oneDOF_link_2_collision
iiwa_oneDOF_link_2
16
0.03182592641 0.03883472424 -15.82940398 0.1788236002 -0.09273439031 -14.62713162 1.281996745 -0.5924053386 -0.7298912647 14.830768 -15.40610424 -0.3976261361 -0.4083387962 0.135984637 -7.253506904 -11.37997578 
kAffine
iiwa_twoDOF_link_0
iiwa7_twoDOF::iiwa_twoDOF_link_0_collision
iiwa_oneDOF_link_3
iiwa7_oneDOF::iiwa_oneDOF_link_3_collision
iiwa_oneDOF_link_2
16
0.0001348661536 0.06500386115 -17.42119522 0.6762579737 -0.3045461231 -16.28703915 1.715896798 -0.769058711 -0.8028083907 16.18503789 -17.029564 -0.3976022427 -0.5898196563 0.21005159 -6.498997193 -11.02228238 
kAffine
iiwa_twoDOF_link_0
iiwa7_twoDOF::iiwa_twoDOF_link_0_collision
iiwa_oneDOF_link_4
iiwa7_oneDOF::iiwa_oneDOF_link_4_collision
iiwa_oneDOF_link_2
16
-0.01436723773 0.1454101973 -44.4040502 2.656751983 -1.185824622 -38.0937519 -5.782414407 2.542146934 2.254049947 37.07558419 -43.56863359 0.951161077 -1.899781123 0.7013379988 -14.8183483 -22.49823356 
kAffine
iiwa_twoDOF_link_0
iiwa7_twoDOF::iiwa_twoDOF_link_0_collision
iiwa_oneDOF_link_5
iiwa7_oneDOF::iiwa_oneDOF_link_5_collision
iiwa_oneDOF_link_2
16
-0.01969969893 0.05909571077 -13.46332572 1.239462977 -0.5429203923 -13.04787787 -1.459366449 0.6373259741 0.5529354333 12.5362113 -13.23050335 0.2340312798 -0.7694510686 0.2905434004 -2.780087214 -6.285916309 
kAffine
iiwa_twoDOF_link_0
iiwa7_twoDOF::iiwa_twoDOF_link_0_collision
iiwa_oneDOF_link_6
iiwa7_oneDOF::iiwa_oneDOF_link_6_collision
iiwa_oneDOF_link_2
16
-0.03014417246 0.06331519423 -12.35388347 1.360918254 -0.5939406182 -12.08807718 -5.565590595e-06 2.71138872e-06 1.437642301e-05 11.49637321 -12.22176735 7.69495737e-05 -0.830872358 0.3190008532 -1.896364092 -5.088575065 
kAffine
iiwa_twoDOF_link_0
iiwa7_twoDOF::iiwa_twoDOF_link_0_collision
iiwa_oneDOF_link_7
iiwa7_oneDOF::iiwa_oneDOF_link_7_collision
iiwa_oneDOF_link_2
16
-0.04219898292 0.0722383464 -11.72564389 1.461078191 -0.6369810747 -11.24401606 -5.478818629e-06 2.531453074e-06 1.018652823e-05 10.61227477 -11.66473461 7.10075867e-05 -0.9019856447 0.3537266239 -1.413344116 -4.029307494 
kAffine
iiwa_twoDOF_link_1
iiwa7_twoDOF::iiwa_twoDOF_link_1_collision
iiwa_twoDOF_link_3
iiwa7_twoDOF::iiwa_twoDOF_link_3_collision
iiwa_twoDOF_link_2
16
-68.60008796 18.13908921 -0.6349331246 37.20540159 -20.24580553 -229.1916063 5.893088935 -3.342170667 -16.93013417 -13.71598628 -432.4288748 -14.40217675 -6.178077614 2.59615999 28.05433307 51.16292764 
kAffine
iiwa_twoDOF_link_1
iiwa7_twoDOF::iiwa_twoDOF_link_1_collision
iiwa_twoDOF_link_4
iiwa7_twoDOF::iiwa_twoDOF_link_4_collision
iiwa_twoDOF_link_2
16
-13.28116584 -10.85904246 -0.651907923 12.55307988 -5.922343144 -52.46516138 0.02319042614 -0.009712173872 -0.07825289418 0.3702670932 -75.17193172 -0.0352584808 -2.162131984 1.259278673 9.934905472 14.21864915 
kAffine
iiwa_twoDOF_link_1
iiwa7_twoDOF::iiwa_twoDOF_link_1_collision
iiwa_twoDOF_link_5
iiwa7_twoDOF::iiwa_twoDOF_link_5_collision
iiwa_twoDOF_link_2
16
-6.434869885 -32.1711682 0.2599988037 8.61805512 -4.050108892 -42.45963143 0.5658409479 -0.1963183719 -2.580632677 0.4363182534 -61.96328752 -1.618675768 -0.3954379736 0.3500677272 7.910208332 15.24687975 
kAffine
iiwa_twoDOF_link_1
iiwa7_twoDOF::iiwa_twoDOF_link_1_collision
iiwa_twoDOF_link_6
iiwa7_twoDOF::iiwa_twoDOF_link_6_collision
iiwa_twoDOF_link_2
16
-3.206989431 -32.08421619 -0.002217618938 4.810412497 -1.873758616 -24.88435853 1.645012605 -0.3048562558 -7.245978813 0.4127629153 -39.19247665 -4.360585567 0.3345488779 -0.2018972716 5.438672141 13.67150551 
kAffine
iiwa_twoDOF_link_1
iiwa7_twoDOF::iiwa_twoDOF_link_1_collision
iiwa_twoDOF_link_7
iiwa7_twoDOF::iiwa_twoDOF_link_7_collision
iiwa_twoDOF_link_2
16
-1.369974975 -25.17387046 -0.095836058 2.61474481 -1.344953374 -15.23057871 1.608200798 -0.2143192985 -6.293543577 0.5925061971 -26.90471102 -3.249032553 0.5085913121 -0.4038919063 3.882108959 11.92961343 
kAffine
iiwa_twoDOF_link_1
iiwa7_twoDOF::iiwa_twoDOF_link_1_collision
iiwa_oneDOF_link_2
iiwa7_oneDOF::iiwa_oneDOF_link_2_collision
iiwa_oneDOF_link_2
16
0.03248640794 0.04115185306 -12.41145064 0.2821964009 -0.1100661748 -17.73981878 3.163771625 -1.515171162 -1.828304994 17.77385121 -11.46785724 -1.089025122 -0.2708405153 0.08819093541 -6.802474186 -11.08955428 
kAffine
iiwa_twoDOF_link_1
iiwa7_twoDOF::iiwa_twoDOF_link_1_collision
iiwa_oneDOF_link_3
iiwa7_oneDOF::iiwa_oneDOF_link_3_collision
iiwa_oneDOF_link_2
16
0.007738106527 0.07420002775 -13.76960943 0.8379207508 -0.3432634144 -21.58511172 4.298464066 -2.025533336 -1.888121514 21.3318257 -12.75319748 -1.274596578 -0.4423803797 0.1532953449 -5.367444266 -12.25577487 
kAffine
iiwa_twoDOF_link_1
iiwa7_twoDOF::iiwa_twoDOF_link_1_collision
iiwa_oneDOF_link_4
iiwa7_oneDOF::iiwa_oneDOF_link_4_collision
iiwa_oneDOF_link_2
16
0.02121808969 0.09852453402 -22.69346792 2.165523447 -0.9181158411 -36.69133681 0.0040418431 -0.03355264299 0.1534267815 35.74232024 -21.11731983 0.231065137 -1.077259296 0.3882146691 -6.030674157 -19.08689001 
kAffine
iiwa_twoDOF_link_1
iiwa7_twoDOF::iiwa_twoDOF_link_1_collision
iiwa_oneDOF_link_5
iiwa7_oneDOF::iiwa_oneDOF_link_5_collision
iiwa_oneDOF_link_2
16
-0.005263009706 0.09023921308 -11.35314264 1.761926727 -0.7492003922 -22.93866946 1.050242942 -0.4941064625 -0.2429757758 22.29285919 -10.53935616 -0.208276296 -0.8460813239 0.3111702623 0.2383714561 -11.17320914 
kAffine
iiwa_twoDOF_link_1
iiwa7_twoDOF::iiwa_twoDOF_link_1_collision
iiwa_oneDOF_link_6
iiwa7_oneDOF::iiwa_oneDOF_link_6_collision
iiwa_oneDOF_link_2
16
-0.00769023107 0.1047252506 -10.50649579 2.066620855 -0.8764166431 -24.27066071 3.424715635 -1.579594038 -0.6118366105 23.52677634 -9.798658573 -0.9379987068 -1.009103214 0.3804481472 2.460572464 -11.55036581 
kAffine
iiwa_twoDOF_link_1
iiwa7_twoDOF::iiwa_twoDOF_link_1_collision
iiwa_oneDOF_link_7
iiwa7_oneDOF::iiwa_oneDOF_link_7_collision
iiwa_oneDOF_link_2
16
-0.008862811467 0.1176300852 -10.61844807 2.430010559 -1.033312204 -25.58900165 3.845112872 -1.777835554 -0.2689136419 24.9225261 -9.947134798 -1.108506829 -1.219194974 0.4704054508 4.034225843 -11.72226835 
kAffine
iiwa_twoDOF_link_2
iiwa7_twoDOF::iiwa_twoDOF_link_2_collision
iiwa_twoDOF_link_4
iiwa7_twoDOF::iiwa_twoDOF_link_4_collision
iiwa_twoDOF_link_4
16
-17.33208539 -19261.9024 -14.09914458 -3.120508675 333.4182894 63.43795312 1.191726304 -1.121857907 5.531294814 -87.2323728 -13917.43638 -58.26650338 -7.429057476 -27.33588889 2.959678599 -2930.715259 
kAffine
iiwa_twoDOF_link_2
iiwa7_twoDOF::iiwa_twoDOF_link_2_collision
iiwa_twoDOF_link_5
iiwa7_twoDOF::iiwa_twoDOF_link_5_collision
iiwa_twoDOF_link_4
16
-7.797329537 -130.1824666 1.851843583 11.34566559 -1.774515195 -45.40080235 3.360022931 -0.1596264411 -20.72886401 -3.029349469 -118.6322282 -9.765119016 -2.079875765 0.04449420275 5.692963586 -8.824825308 
kAffine
iiwa_twoDOF_link_2
iiwa7_twoDOF::iiwa_twoDOF_link_2_collision
iiwa_twoDOF_link_6
iiwa7_twoDOF::iiwa_twoDOF_link_6_collision
iiwa_twoDOF_link_4
16
-2.675672875 -55.30769168 0.9207714853 8.445728617 -2.608919892 -34.57179286 1.583507889 -0.3861114875 -6.91628886 -1.777861647 -62.43715177 -3.207440733 -1.960928812 0.3556024486 6.631532225 1.952416562 
kAffine
iiwa_twoDOF_link_2
iiwa7_twoDOF::iiwa_twoDOF_link_2_collision
iiwa_twoDOF_link_7
iiwa7_twoDOF::iiwa_twoDOF_link_7_collision
iiwa_twoDOF_link_4
16
-1.160538521 -28.98012493 0.4272167384 6.555778861 -2.737646017 -24.19344743 1.041206519 -0.2808407706 -3.984008907 -0.4235326958 -35.83261874 -1.736015141 -1.829831224 0.6462102737 5.964131773 3.938448973 
kAffine
iiwa_twoDOF_link_2
iiwa7_twoDOF::iiwa_twoDOF_link_2_collision
iiwa_oneDOF_link_0
iiwa7_oneDOF::iiwa_oneDOF_link_0_collision
iiwa_twoDOF_link_1
16
9.547814069 -4.373069954 -30.62540423 -0.2051735835 0.08481692901 0.7209676162 4.37545302 1.315254896 8.775987532 -33.13712373 0.7104181144 8.468758228 -3.861285375 1.593301877 12.23885102 13.28155092 
kAffine
iiwa_twoDOF_link_2
iiwa7_twoDOF::iiwa_twoDOF_link_2_collision
iiwa_oneDOF_link_1
iiwa7_oneDOF::iiwa_oneDOF_link_1_collision
iiwa_twoDOF_link_1
16
5.95435856 -3.630405576 -23.52945088 -0.2980134236 0.1983645478 1.278625125 4.401712902 0.3827222034 2.563808971 -25.32582338 1.215765394 1.779878529 -2.56782317 1.11754531 8.320868252 9.71726698 
kAffine
iiwa_twoDOF_link_2
iiwa7_twoDOF::iiwa_twoDOF_link_2_collision
iiwa_oneDOF_link_2
iiwa7_oneDOF::iiwa_oneDOF_link_2_collision
iiwa_twoDOF_link_1
16
52.71013536 -24.91222603 -183.5428541 -0.4605141845 0.110321217 1.257209786 15.89285417 0.247514973 33.01306857 -192.2992863 1.108265049 -8.277894679 -29.77531533 13.60475902 97.73485896 108.1573586 
kAffine
iiwa_twoDOF_link_2
iiwa7_twoDOF::iiwa_twoDOF_link_2_collision
iiwa_oneDOF_link_3
iiwa7_oneDOF::iiwa_oneDOF_link_3_collision
iiwa_twoDOF_link_1
16
7.72031371 -3.877943524 -24.41452961 -0.03208373355 -0.007109617371 0.1356077939 1.461515013 -0.3290383817 15.56072059 -31.9814424 0.1149194841 -7.347247721 -3.891340358 2.117850548 13.33465789 20.26666526 
kAffine
iiwa_twoDOF_link_2
iiwa7_twoDOF::iiwa_twoDOF_link_2_collision
iiwa_oneDOF_link_4
iiwa7_oneDOF::iiwa_oneDOF_link_4_collision
iiwa_twoDOF_link_1
16
5.885189348 -3.077099985 -17.55635579 -2.061548051 0.9771976291 2.155974267 0.8329186422 -0.2687239569 19.48679585 -28.34575625 2.556854042 -8.121918548 -2.655780866 1.702905266 10.88197601 19.39236802 
kAffine
iiwa_twoDOF_link_2
iiwa7_twoDOF::iiwa_twoDOF_link_2_collision
iiwa_oneDOF_link_5
iiwa7_oneDOF::iiwa_oneDOF_link_5_collision
iiwa_twoDOF_link_1
16
5.855297652 -3.165765434 -17.33638156 -4.012561991 1.92755306 2.068145653 0.5829073763 -0.3232409051 30.36962236 -36.01407184 3.236011275 -11.87642195 -2.207564226 1.83142468 14.47141456 26.58771973 
kAffine
iiwa_twoDOF_link_2
iiwa7_twoDOF::iiwa_twoDOF_link_2_collision
iiwa_oneDOF_link_6
iiwa7_oneDOF::iiwa_oneDOF_link_6_collision
iiwa_twoDOF_link_1
16
5.869734086 -3.2217749 -16.8929383 -3.264398803 1.582453513 1.098759236 0.5538674937 -0.3451835695 36.88004677 -41.34886992 2.163112747 -13.1513939 -1.930674527 1.899973929 17.28031031 31.11400923 
kAffine
iiwa_twoDOF_link_2
iiwa7_twoDOF::iiwa_twoDOF_link_2_collision
iiwa_oneDOF_link_7
iiwa7_oneDOF::iiwa_oneDOF_link_7_collision
iiwa_twoDOF_link_1
16
5.803485669 -3.198501315 -17.54978342 -4.654255064 2.298357072 0.6573190227 0.5183878836 -0.3567382312 41.24851088 -44.89641397 2.508891783 -15.37142134 -1.672999388 1.917342342 20.5951331 35.39259379 
kAffine
iiwa_twoDOF_link_3
iiwa7_twoDOF::iiwa_twoDOF_link_3_collision
iiwa_twoDOF_link_5
iiwa7_twoDOF::iiwa_twoDOF_link_5_collision
iiwa_twoDOF_link_4
16
0.4485227748 -140.2047276 1.700222262 23.41118651 -28.75023183 -171.2713545 3.274712458 -0.9825442596 -14.60596928 -20.0801018 -482.0313682 -14.26486448 -3.61417067 2.919682162 18.90215219 47.90858721 
kAffine
iiwa_twoDOF_link_3
iiwa7_twoDOF::iiwa_twoDOF_link_3_collision
iiwa_twoDOF_link_6
iiwa7_twoDOF::iiwa_twoDOF_link_6_collision
iiwa_twoDOF_link_4
16
-0.1714066932 -28.21803137 -0.02291946127 13.74583603 -7.658740905 -55.9157386 1.352195592 -0.5255529734 -4.885492006 -0.7920561682 -89.3192168 -3.662023033 -2.927095946 1.477104473 11.07994925 15.69457583 
kAffine
iiwa_twoDOF_link_3
iiwa7_twoDOF::iiwa_twoDOF_link_3_collision
iiwa_twoDOF_link_7
iiwa7_twoDOF::iiwa_twoDOF_link_7_collision
iiwa_twoDOF_link_4
16
-0.3254417298 -13.3885261 -0.1529100497 8.546399181 -4.422281002 -30.85645309 0.6517499573 -0.2478904587 -2.210892314 0.4858693626 -41.8759742 -1.622751627 -2.278584399 1.123057319 7.923024648 10.01521699 
kAffine
iiwa_twoDOF_link_3
iiwa7_twoDOF::iiwa_twoDOF_link_3_collision
iiwa_oneDOF_link_0
iiwa7_oneDOF::iiwa_oneDOF_link_0_collision
iiwa_twoDOF_link_1
16
4.123673441 -2.551764888 -17.28307353 -0.0358953157 0.1205232535 1.012347036 11.04067912 0.7462370761 5.374274812 -22.85702513 0.6941967156 3.180169802 -0.1621103075 1.265384815 8.494293426 10.91475189 
kAffine
iiwa_twoDOF_link_3
iiwa7_twoDOF::iiwa_twoDOF_link_3_collision
iiwa_oneDOF_link_1
iiwa7_oneDOF::iiwa_oneDOF_link_1_collision
iiwa_twoDOF_link_1
16
1.749138237 -3.688809588 -23.34244425 -0.4162165814 0.5407214376 3.561418479 16.25712305 0.2677181254 2.531557078 -31.7199916 2.220581782 -2.981594535 0.2475042363 1.757718261 11.38407246 15.96955297 
kAffine
iiwa_twoDOF_link_3
iiwa7_twoDOF::iiwa_twoDOF_link_3_collision
iiwa_oneDOF_link_2
iiwa7_oneDOF::iiwa_oneDOF_link_2_collision
iiwa_twoDOF_link_1
16
3.599162585 -4.310737866 -29.29446299 -0.09470582373 0.01811410824 0.3119458681 12.81619499 0.2815237725 3.534728651 -35.9589031 0.270266329 -3.691372984 -2.231327066 2.634828509 18.14049567 22.64231048 
kAffine
iiwa_twoDOF_link_3
iiwa7_twoDOF::iiwa_twoDOF_link_3_collision
iiwa_oneDOF_link_3
iiwa7_oneDOF::iiwa_oneDOF_link_3_collision
iiwa_twoDOF_link_1
16
2.90035301 -4.840464031 -25.93510953 -0.07812801948 -0.01154780035 0.2201129823 7.854857905 0.1346783628 11.6488945 -40.48769 0.2002602478 -6.502253847 -1.258724628 2.816689036 17.50393743 26.75615895 
kAffine
iiwa_twoDOF_link_3
iiwa7_twoDOF::iiwa_twoDOF_link_3_collision
iiwa_oneDOF_link_4
iiwa7_oneDOF::iiwa_oneDOF_link_4_collision
iiwa_twoDOF_link_1
16
3.786270474 -7.015200554 -32.14280868 -4.440491564 2.407778867 9.642958987 7.40582601 -0.1871898053 30.38983926 -65.82257778 10.09207558 -10.45124305 -0.4332013926 4.002730129 24.21064092 45.24536505 
kAffine
iiwa_twoDOF_link_3
iiwa7_twoDOF::iiwa_twoDOF_link_3_collision
iiwa_oneDOF_link_5
iiwa7_oneDOF::iiwa_oneDOF_link_5_collision
iiwa_twoDOF_link_1
16
23.07538305 -16.98138574 -106.9848289 -31.89857455 18.4077761 31.06011828 2.348310625 0.8178516198 179.0976895 -257.6618157 20.88390383 -86.82536612 -9.209602805 7.878382323 100.8343019 221.3650235 
kAffine
iiwa_twoDOF_link_3
iiwa7_twoDOF::iiwa_twoDOF_link_3_collision
iiwa_oneDOF_link_6
iiwa7_oneDOF::iiwa_oneDOF_link_6_collision
iiwa_twoDOF_link_1
16
33.70773176 -23.89099468 -176.0546138 -31.19021049 25.32744043 27.56545985 1.714968671 1.832649843 322.0486928 -411.8535783 8.505161292 -170.7251995 -7.365842764 8.827423704 183.6714963 389.7185089 
kAffine
iiwa_twoDOF_link_3
iiwa7_twoDOF::iiwa_twoDOF_link_3_collision
iiwa_oneDOF_link_7
iiwa7_oneDOF::iiwa_oneDOF_link_7_collision
iiwa_twoDOF_link_1
16
23.29294975 -15.29304242 -151.0284327 -36.68795011 24.54248565 14.19168951 0.5409232053 1.100732466 264.3057477 -319.210915 9.364577559 -162.1423594 -0.8044781896 2.837002298 165.6470325 337.9136138 
kAffine
iiwa_twoDOF_link_4
iiwa7_twoDOF::iiwa_twoDOF_link_4_collision
iiwa_oneDOF_link_0
iiwa7_oneDOF::iiwa_oneDOF_link_0_collision
iiwa_twoDOF_link_3
16
-0.2350002666 -0.09428701627 -0.1594546564 0.6133904399 -0.4628749182 -7.355568925 -26.06294366 -0.1170319779 6.406174958 -25.26579138 -1.70480504 -0.2313421509 4.064827413 -0.7694138227 1.374320016 14.36149517 
kAffine
iiwa_twoDOF_link_4
iiwa7_twoDOF::iiwa_twoDOF_link_4_collision
iiwa_oneDOF_link_1
iiwa7_oneDOF::iiwa_oneDOF_link_1_collision
iiwa_twoDOF_link_3
16
6.712379179 -0.026380314 -0.1687167863 0.01509663856 0.02203295977 -0.008651530046 -29.75885139 -0.1809656307 6.362462493 -28.17082479 -0.1346436474 -6.396228408 5.291919985 -0.892466357 1.063692614 16.40262472 
kAffine
iiwa_twoDOF_link_4
iiwa7_twoDOF::iiwa_twoDOF_link_4_collision
iiwa_oneDOF_link_2
iiwa7_oneDOF::iiwa_oneDOF_link_2_collision
iiwa_twoDOF_link_1
16
0.4813466321 -3.701138804 -24.54038709 1.219241566 -0.6561294923 -9.146160106 17.68300416 -1.661114415 1.826443035 -36.45225623 -5.739907309 -5.10396849 -1.459365739 2.659327807 21.88990102 28.09423885 
kAffine
iiwa_twoDOF_link_4
iiwa7_twoDOF::iiwa_twoDOF_link_4_collision
iiwa_oneDOF_link_3
iiwa7_oneDOF::iiwa_oneDOF_link_3_collision
iiwa_twoDOF_link_1
16
-1.681052749 -6.519470312 -34.40008694 5.183571965 -2.263102806 -14.49244854 22.09959534 -4.221713344 10.72111889 -62.36391828 -12.6395353 -11.71646854 -2.066755528 4.371972528 36.39529781 49.99577593 
kAffine
iiwa_twoDOF_link_4
iiwa7_twoDOF::iiwa_twoDOF_link_4_collision
iiwa_oneDOF_link_4
iiwa7_oneDOF::iiwa_oneDOF_link_4_collision
iiwa_twoDOF_link_1
16
-4.850043231 -10.00054537 -48.44998166 0.1963959917 -0.02822773018 -0.6588766545 27.42438063 -6.169878798 30.71188998 -102.0777549 -0.4455466587 -21.48789707 -2.510017598 6.211613424 58.30972216 85.42046928 
kAffine
iiwa_twoDOF_link_4
iiwa7_twoDOF::iiwa_twoDOF_link_4_collision
iiwa_oneDOF_link_5
iiwa7_oneDOF::iiwa_oneDOF_link_5_collision
iiwa_twoDOF_link_1
16
-31.78582192 -29.16301171 -795.626899 50.80932601 -30.86075023 -105.4639878 192.2085074 -88.11287439 1178.652852 -1924.20153 -57.87791846 -534.6263308 -31.18133756 29.32789737 1256.142022 1879.491114 
kAffine
iiwa_twoDOF_link_4
iiwa7_twoDOF::iiwa_twoDOF_link_4_collision
iiwa_oneDOF_link_6
iiwa7_oneDOF::iiwa_oneDOF_link_6_collision
iiwa_twoDOF_link_1
16
-183.0583697 193.2148203 -4004.481961 532.0794958 -310.3528288 -1411.404332 701.9172556 -431.9673529 6402.134019 -9278.031768 -771.3907472 -2530.684205 143.7646243 -56.23109917 6795.860849 9554.427194 
kAffine
iiwa_twoDOF_link_4
iiwa7_twoDOF::iiwa_twoDOF_link_4_collision
iiwa_oneDOF_link_7
iiwa7_oneDOF::iiwa_oneDOF_link_7_collision
iiwa_twoDOF_link_1
16
-136.0123679 104.0287179 -2118.320738 467.3082521 -288.1036944 -823.0676583 365.5456248 -214.6650644 4058.827478 -5378.583431 -435.6839249 -1468.236933 114.7735102 -49.29013455 4034.099866 5754.444426 
kAffine
iiwa_twoDOF_link_5
iiwa7_twoDOF::iiwa_twoDOF_link_5_collision
iiwa_oneDOF_link_0
iiwa7_oneDOF::iiwa_oneDOF_link_0_collision
iiwa_twoDOF_link_3
16
-5.483836708 -0.05955854747 -0.01607340044 -0.1991664299 0.3490706531 -7.942413671 -37.62636321 -0.6107590715 11.71349892 -36.44380291 -2.808961427 5.150885595 1.955401047 -2.550308364 3.957245221 22.85085405 
kAffine
iiwa_twoDOF_link_5
iiwa7_twoDOF::iiwa_twoDOF_link_5_collision
iiwa_oneDOF_link_1
iiwa7_oneDOF::iiwa_oneDOF_link_1_collision
iiwa_twoDOF_link_3
16
4.853447777 0.2886002479 -0.04555639239 0.2712341735 -0.2818679321 5.06013534 -51.10546537 -0.6679385292 14.12149421 -47.89983998 1.76926048 -3.962376156 3.18917496 -3.196943695 5.240621127 31.17759537 
kAffine
iiwa_twoDOF_link_5
iiwa7_twoDOF::iiwa_twoDOF_link_5_collision
iiwa_oneDOF_link_2
iiwa7_oneDOF::iiwa_oneDOF_link_2_collision
iiwa_twoDOF_link_1
16
2.226271775 -5.570938592 -42.22071992 2.099188922 -0.3110125914 -18.93572616 30.28108905 -13.80386481 4.060061098 -68.53619147 -11.00041262 -6.627554414 -1.209402963 4.48147656 45.70406853 57.74202333 
kAffine
iiwa_twoDOF_link_5
iiwa7_twoDOF::iiwa_twoDOF_link_5_collision
iiwa_oneDOF_link_3
iiwa7_oneDOF::iiwa_oneDOF_link_3_collision
iiwa_twoDOF_link_1
16
1.632029583 -5.455130776 -41.15862008 6.54594431 -1.557835645 -21.48975549 33.0260733 -18.65737246 11.89710639 -89.55128486 -18.08780757 -13.29502656 -1.279790929 4.491718059 58.85873123 76.45564148 
kAffine
iiwa_twoDOF_link_5
iiwa7_twoDOF::iiwa_twoDOF_link_5_collision
iiwa_oneDOF_link_4
iiwa7_oneDOF::iiwa_oneDOF_link_4_collision
iiwa_twoDOF_link_1
16
1.237404042 -6.536381152 -45.07619028 -2.444119549 0.6676240015 5.733801802 37.33594712 -19.04903851 27.04392414 -121.2032783 5.251171962 -17.11679621 -2.084023242 3.742091712 78.86362881 104.0053106 
kAffine
iiwa_twoDOF_link_5
iiwa7_twoDOF::iiwa_twoDOF_link_5_collision
iiwa_oneDOF_link_5
iiwa7_oneDOF::iiwa_oneDOF_link_5_collision
iiwa_twoDOF_link_1
16
7.065462827 -38.19033774 -173.1100608 1.255553354 -0.6556673953 -3.209857476 154.640562 -76.06396666 406.2616555 -915.9240628 -1.756070224 -58.08784908 -21.28839506 18.26433521 571.2241891 763.0918137 
kAffine
iiwa_twoDOF_link_5
iiwa7_twoDOF::iiwa_twoDOF_link_5_collision
iiwa_oneDOF_link_6
iiwa7_oneDOF::iiwa_oneDOF_link_6_collision
iiwa_twoDOF_link_1
16
720.2702304 -58.07627314 -395.9444608 445.3061135 -241.7761321 -1067.295129 242.8431109 -517.9452326 7121.956194 -10361.46187 -590.2807545 1033.492152 -199.330683 249.2414029 5924.296523 8148.935005 
kAffine
iiwa_twoDOF_link_5
iiwa7_twoDOF::iiwa_twoDOF_link_5_collision
iiwa_oneDOF_link_7
iiwa7_oneDOF::iiwa_oneDOF_link_7_collision
iiwa_twoDOF_link_1
16
1645352.388 7976293.971 17042028.31 3347.069931 -1791.673541 -5688.927152 -551598.1052 -7448183.448 87146990.25 -118255910.7 -3525.0159 12948824.71 -102373.5972 2598478.075 78384849.58 102158939.1 
kAffine
iiwa_twoDOF_link_6
iiwa7_twoDOF::iiwa_twoDOF_link_6_collision
iiwa_oneDOF_link_0
iiwa7_oneDOF::iiwa_oneDOF_link_0_collision
iiwa_twoDOF_link_3
16
-8.409283333 -0.07607693472 0.0273937862 -4.029337424e-06 -3.800352943e-06 4.590408036e-06 -42.91233189 -1.022733267 15.13578027 -41.7753315 8.624506913e-06 8.378826926 0.5479639867 -3.685489102 6.18026409 27.15672147 
kAffine
iiwa_twoDOF_link_6
iiwa7_twoDOF::iiwa_twoDOF_link_6_collision
iiwa_oneDOF_link_1
iiwa7_oneDOF::iiwa_oneDOF_link_1_collision
iiwa_twoDOF_link_3
16
3.749811957 0.5885085031 -0.1511959943 0.4941627095 -2.43429088 19.39973026 -62.57484275 -1.212020102 19.04980694 -58.89913874 7.546664574 -2.095456289 1.770928439 -4.929336562 8.563917053 39.87031634 
kAffine
iiwa_twoDOF_link_6
iiwa7_twoDOF::iiwa_twoDOF_link_6_collision
iiwa_oneDOF_link_2
iiwa7_oneDOF::iiwa_oneDOF_link_2_collision
iiwa_twoDOF_link_1
16
0.9958945211 -4.731582623 -39.07649162 0.8933292035 0.38596182 -13.45038531 31.59543923 -18.08630242 3.969138584 -69.73376478 -6.075308977 -6.574650353 0.7416924104 3.78063372 46.8476484 59.87866665 
kAffine
iiwa_twoDOF_link_6
iiwa7_twoDOF::iiwa_twoDOF_link_6_collision
iiwa_oneDOF_link_3
iiwa7_oneDOF::iiwa_oneDOF_link_3_collision
iiwa_twoDOF_link_1
16
0.8289429856 -4.168637912 -39.62426951 4.023408017 -0.8076153635 -14.9990831 38.70993647 -25.83226259 9.643935952 -96.05683805 -10.84711864 -14.51146457 1.413557825 3.519867516 64.6838586 83.04165152 
kAffine
iiwa_twoDOF_link_6
iiwa7_twoDOF::iiwa_twoDOF_link_6_collision
iiwa_oneDOF_link_4
iiwa7_oneDOF::iiwa_oneDOF_link_4_collision
iiwa_twoDOF_link_1
16
3.793677835 -8.156054203 -65.23459577 -9.1251743 -1.263450768 34.19602188 71.97679391 -43.6075487 27.10357081 -196.2102292 28.90542905 -30.6751689 1.206412998 2.122274881 133.446585 169.7499682 
kAffine
iiwa_twoDOF_link_6
iiwa7_twoDOF::iiwa_twoDOF_link_6_collision
iiwa_oneDOF_link_5
iiwa7_oneDOF::iiwa_oneDOF_link_5_collision
iiwa_twoDOF_link_1
16
18.46961003 -43.05448467 -118.1759633 -47.95312673 24.87250587 103.7521297 168.9200496 -85.66876117 215.4393791 -694.160071 59.88498088 -41.34774001 -23.44113316 14.48235789 485.8091443 569.1539634 
kAffine
iiwa_twoDOF_link_6
iiwa7_twoDOF::iiwa_twoDOF_link_6_collision
iiwa_oneDOF_link_6
iiwa7_oneDOF::iiwa_oneDOF_link_6_collision
iiwa_twoDOF_link_1
16
81.2128705 -130.1985702 -55.44425743 0.004900407705 -0.002908153621 -0.006202599376 301.7082337 -132.5260751 774.4937357 -1859.036501 -0.00438886465 48.02843503 -98.81887027 53.15960006 1253.996185 1466.741983 
kAffine
iiwa_twoDOF_link_6
iiwa7_twoDOF::iiwa_twoDOF_link_6_collision
iiwa_oneDOF_link_7
iiwa7_oneDOF::iiwa_oneDOF_link_7_collision
iiwa_twoDOF_link_1
16
359.0186465 -300.6356295 476.9621216 0.01903522431 -0.01041320425 -0.02722073337 375.7146442 -174.5516796 2441.302784 -4652.214134 -0.01978734677 458.5555104 -135.9775818 76.17310417 2880.183694 3545.326711 
kAffine
iiwa_twoDOF_link_7
iiwa7_twoDOF::iiwa_twoDOF_link_7_collision
iiwa_oneDOF_link_0
iiwa7_oneDOF::iiwa_oneDOF_link_0_collision
iiwa_twoDOF_link_3
16
-10.04410067 -0.2066568074 0.2970818451 -3.73849509e-13 1.986772629e-13 5.65663112e-14 -34.73592243 -1.131027522 13.92116501 -34.03693589 -6.686614989e-13 10.73810168 -3.102680975 -3.42939826 6.81245851 22.82555861 
kAffine
iiwa_twoDOF_link_7
iiwa7_twoDOF::iiwa_twoDOF_link_7_collision
iiwa_oneDOF_link_1
iiwa7_oneDOF::iiwa_oneDOF_link_1_collision
iiwa_twoDOF_link_3
16
-1.714140472 0.5561646363 -0.1264602749 2.328026761 -4.775235046 19.33280685 -59.81875823 -1.785515132 20.89640301 -57.20815731 5.744854135 3.711329916 -4.416952922 -5.533633905 11.5156823 39.24928716 
kAffine
iiwa_twoDOF_link_7
iiwa7_twoDOF::iiwa_twoDOF_link_7_collision
iiwa_oneDOF_link_2
iiwa7_oneDOF::iiwa_oneDOF_link_2_collision
iiwa_twoDOF_link_1
16
0.06894066716 -5.81181929 -52.46485806 0.7262789147 1.446495893 -22.63051133 47.48378052 -29.50860932 5.547616497 -102.3432576 -6.348514146 -9.43680491 4.217414484 3.415129345 68.3106373 88.21957955 
kAffine
iiwa_twoDOF_link_7
iiwa7_twoDOF::iiwa_twoDOF_link_7_collision
iiwa_oneDOF_link_3
iiwa7_oneDOF::iiwa_oneDOF_link_3_collision
iiwa_twoDOF_link_1
16
-0.2938909687 -3.432166824 -40.66690286 4.262454496 -0.3629328957 -19.56682247 46.71962624 -33.23009591 7.550234924 -107.1323983 -11.36124117 -17.63861424 5.772950833 1.353099117 72.22235911 93.26373144 
kAffine
iiwa_twoDOF_link_7
iiwa7_twoDOF::iiwa_twoDOF_link_7_collision
iiwa_oneDOF_link_4
iiwa7_oneDOF::iiwa_oneDOF_link_4_collision
iiwa_twoDOF_link_1
16
6.807534589 -8.114257336 -59.91276604 -3.702130105 -3.673585972 40.27456991 78.28731762 -52.66520341 16.43610978 -190.6670524 27.60569017 -30.77254698 7.756042379 -1.276872453 131.447661 162.5862494 
kAffine
iiwa_twoDOF_link_7
iiwa7_twoDOF::iiwa_twoDOF_link_7_collision
iiwa_oneDOF_link_5
iiwa7_oneDOF::iiwa_oneDOF_link_5_collision
iiwa_twoDOF_link_1
16
32.96094859 -37.86090134 -78.89549487 -25.85234377 10.74343541 76.88797656 144.6288601 -85.59737646 95.93620499 -465.6248226 44.44576016 -26.84712098 -10.00628045 6.899340706 342.2892147 366.4578979 
kAffine
iiwa_twoDOF_link_7
iiwa7_twoDOF::iiwa_twoDOF_link_7_collision
iiwa_oneDOF_link_6
iiwa7_oneDOF::iiwa_oneDOF_link_6_collision
iiwa_twoDOF_link_1
16
96.17331725 -127.0347419 -99.92498428 0.0005518833796 -0.0001547914406 -0.002322578383 313.1417249 -156.2495356 331.1514764 -1218.691248 -0.0009685722754 2.12769117 -62.89681443 29.09636035 908.1446278 932.0318691 
kAffine
iiwa_twoDOF_link_7
iiwa7_twoDOF::iiwa_twoDOF_link_7_collision
iiwa_oneDOF_link_7
iiwa7_oneDOF::iiwa_oneDOF_link_7_collision
iiwa_twoDOF_link_1
16
63.03549553 -155.9197191 -16.3498143 -4.257103595e-10 1.060176967e-08 1.197370285e-08 355.7572206 -129.9270137 543.9583171 -1615.791827 -4.838225711e-09 44.34409774 -77.21221622 15.65028755 1222.74039 1258.352904 
kAffine
iiwa_oneDOF_link_0
iiwa7_oneDOF::iiwa_oneDOF_link_0_collision
iiwa_oneDOF_link_2
iiwa7_oneDOF::iiwa_oneDOF_link_2_collision
iiwa_oneDOF_link_2
16
3.645264362 -0.7338906247 -328.3662067 1.497085244 -2.131991246 -43.56649519 3.295859475 -1.327371217 -8.744944403 10.55341034 -265.6314311 -6.096669196 0.0792687269 -0.1349103453 -0.1680872763 -36.90835814 
kAffine
iiwa_oneDOF_link_0
iiwa7_oneDOF::iiwa_oneDOF_link_0_collision
iiwa_oneDOF_link_3
iiwa7_oneDOF::iiwa_oneDOF_link_3_collision
iiwa_oneDOF_link_2
16
0.1530870218 0.2780525505 -62.78110956 6.28729652 -3.898013423 -25.76318462 2.094899865 -1.032390401 -6.36932347 -2.421695891 -67.20616223 -3.218893103 -0.9983947367 0.53932591 0.33782321 -2.536006417 
kAffine
iiwa_oneDOF_link_0
iiwa7_oneDOF::iiwa_oneDOF_link_0_collision
iiwa_oneDOF_link_4
iiwa7_oneDOF::iiwa_oneDOF_link_4_collision
iiwa_oneDOF_link_2
16
-0.5973650311 0.5575267976 -34.20116108 7.397954773 -3.711841198 -31.92483989 -1.615871857 0.7821950805 4.939999646 6.720717476 -42.34347817 2.324120629 -1.776538841 0.8646226982 6.71158693 2.41095506 
kAffine
iiwa_oneDOF_link_0
iiwa7_oneDOF::iiwa_oneDOF_link_0_collision
iiwa_oneDOF_link_5
iiwa7_oneDOF::iiwa_oneDOF_link_5_collision
iiwa_oneDOF_link_2
16
-0.4277129552 0.3903669241 -15.44059846 5.255080908 -2.343411559 -21.42842095 -0.4298710736 0.2045984961 1.287194338 6.896769519 -22.67426346 0.7319990641 -1.803306909 0.808724925 7.522547498 4.055659016 
kAffine
iiwa_oneDOF_link_0
iiwa7_oneDOF::iiwa_oneDOF_link_0_collision
iiwa_oneDOF_link_6
iiwa7_oneDOF::iiwa_oneDOF_link_6_collision
iiwa_oneDOF_link_2
16
-0.3624972103 0.3507414391 -12.40449078 5.012295195 -2.193762321 -19.95983837 -2.007555329e-05 9.426004133e-06 4.477057837e-05 7.007537628 -19.86289421 9.466050881e-05 -2.006047718 0.8861674582 8.318615473 4.900530268 
kAffine
iiwa_oneDOF_link_0
iiwa7_oneDOF::iiwa_oneDOF_link_0_collision
iiwa_oneDOF_link_7
iiwa7_oneDOF::iiwa_oneDOF_link_7_collision
iiwa_oneDOF_link_2
16
-0.3819020051 0.3845617497 -12.78659211 5.64055407 -2.443789438 -22.17025608 -2.173232325e-05 9.997009003e-06 4.750552747e-05 8.295327188 -21.12234986 9.959911886e-05 -2.50524021 1.099314434 10.37847819 6.265793406 
kAffine
iiwa_oneDOF_link_1
iiwa7_oneDOF::iiwa_oneDOF_link_1_collision
iiwa_oneDOF_link_3
iiwa7_oneDOF::iiwa_oneDOF_link_3_collision
iiwa_oneDOF_link_2
16
-4.187461843 1.207251228 -83.56266231 44.45926458 -33.27774781 -185.7574349 5.261404238 -3.099501779 -20.58948962 -17.88155509 -366.0685848 -15.72221221 -5.381174258 3.967172309 17.60713139 41.24930992 
kAffine
iiwa_oneDOF_link_1
iiwa7_oneDOF::iiwa_oneDOF_link_1_collision
iiwa_oneDOF_link_4
iiwa7_oneDOF::iiwa_oneDOF_link_4_collision
iiwa_oneDOF_link_2
16
-0.8030315073 0.4189404027 -18.82771565 14.07487692 -7.570915255 -49.27859795 0.02969073955 -0.01060549136 -0.1061706393 1.156881887 -69.34951147 -0.06036152542 -2.950700796 1.553751258 9.502571178 13.03501996 
kAffine
iiwa_oneDOF_link_1
iiwa7_oneDOF::iiwa_oneDOF_link_1_collision
iiwa_oneDOF_link_5
iiwa7_oneDOF::iiwa_oneDOF_link_5_collision
iiwa_oneDOF_link_2
16
-0.6905265952 0.4080577238 -7.124863777 7.686822851 -3.548002684 -25.83168031 0.1756693336 -0.07350932786 -0.6047875639 0.6801730368 -32.17316753 -0.5639853798 -2.358484247 1.089987933 7.662941184 9.018883687 
kAffine
iiwa_oneDOF_link_1
iiwa7_oneDOF::iiwa_oneDOF_link_1_collision
iiwa_oneDOF_link_6
iiwa7_oneDOF::iiwa_oneDOF_link_6_collision
iiwa_oneDOF_link_2
16
-0.6106398054 0.3578404513 -5.04075734 6.302271371 -2.817139809 -21.02934823 0.2930790016 -0.1270409339 -1.05116722 0.6926469728 -25.13306009 -1.007562326 -2.274491354 1.020117169 7.440607983 8.487482028 
kAffine
iiwa_oneDOF_link_1
iiwa7_oneDOF::iiwa_oneDOF_link_1_collision
iiwa_oneDOF_link_7
iiwa7_oneDOF::iiwa_oneDOF_link_7_collision
iiwa_oneDOF_link_2
16
-0.620860267 0.3684003152 -4.484680037 5.914407061 -2.598439783 -19.67133614 0.2404654696 -0.09900579102 -0.8678700931 0.719805241 -22.95627116 -0.8101023009 -2.39554297 1.057531202 7.861947548 8.800058019 
