20 3
1 0 0 
0 1 0 
0 0 1 
-1 -0 -0 
-0 -1 -0 
-0 -0 -1 
0.8595424869 -4.142569649e-07 0.5110642946 
0.4596341075 -0.2351621754 0.8564083363 
0.466800674 -0.2306895521 0.853744377 
0.5172377047 -0.1981492457 0.8325875529 
0.6257456384 -0.1232178996 0.7702335654 
0.7575511195 -0.3145174389 0.572009687 
0.740119437 -0.3232204987 0.5897047806 
-0.9999984853 0.001740540331 3.456340309e-08 
0.8415330379 -0.3284130767 0.428913741 
0.80706866 -0.3049463979 0.5056163293 
0.919973277 -0.3181285636 0.2290052107 
-0.8892633597 0.4573955367 1.259201378e-07 
-0.8771998185 0.4801254819 -6.425262905e-08 
-0.8708601288 0.4915309107 -1.894072531e-08 

1.202269022 1.621344034 1.202269022 1.202269022 1.611639694 1.124760145 -0.2143870978 -0.4061488843 -0.4095804673 -0.4250592271 -0.3994772467 2.067250758 -0.02107520361 0.4490136576 0.09466955666 -0.00763094717 0.2887726552 1.788565368 0.168330115 0.1585343087 
137
kAffine
box1
box_scene::Box1
iiwa_twoDOF_link_2
iiwa7_twoDOF::iiwa_twoDOF_link_2_collision
iiwa_twoDOF_link_2
16
-274.380278 -0.5899994885 -0.9025072429 37.59635845 0.1369896418 -3.342748557 0.5989428253 -0.9975209416 1.666171466 -5.85954854 -144.6844773 -0.1377337962 0.7078831791 0.003750180368 -0.384528086 -35.10756177 
kAffine
box1
box_scene::Box1
iiwa_twoDOF_link_3
iiwa7_twoDOF::iiwa_twoDOF_link_3_collision
iiwa_twoDOF_link_2
16
-106.1884778 -0.5893617075 -0.7427485961 26.93929979 -0.6869985591 1.980924572 0.931760767 -1.19740789 2.058964958 -5.562618957 -58.72707351 0.1939274949 -4.976197825 0.3920703691 -1.073752839 -9.2979451 
kAffine
box1
box_scene::Box1
iiwa_twoDOF_link_4
iiwa7_twoDOF::iiwa_twoDOF_link_4_collision
iiwa_twoDOF_link_2
16
-55.33154088 -0.6700119236 -0.9628896567 16.41163713 -0.4546456411 3.990838684 -0.3456486894 0.7619016889 -2.441322062 -4.728125949 -29.69775195 -0.02116477475 -5.632636965 1.403796377 -0.7010621898 -1.443535035 
kAffine
box1
box_scene::Box1
iiwa_twoDOF_link_5
iiwa7_twoDOF::iiwa_twoDOF_link_5_collision
iiwa_twoDOF_link_2
16
-109.306009 -3.315188591 -4.282040434 32.41890732 0.8915921959 10.37231997 -0.8726927656 1.445996273 -3.597619836 -13.64852786 -56.06820583 -0.9054360174 -16.49658459 5.939953165 -1.651705186 1.012494659 
kAffine
box1
box_scene::Box1
iiwa_twoDOF_link_6
iiwa7_twoDOF::iiwa_twoDOF_link_6_collision
iiwa_twoDOF_link_2
16
-126.4103978 -4.919912068 -5.520205606 33.394045 1.933425617 12.99683136 -0.0004653559191 -1.430147313e-05 -6.177557383e-05 -17.59662692 -63.26128459 0.0001926990885 -21.4254267 9.264976161 -1.303334296 4.173329577 
kAffine
box1
box_scene::Box1
iiwa_twoDOF_link_7
iiwa7_twoDOF::iiwa_twoDOF_link_7_collision
iiwa_twoDOF_link_2
16
-71.59112724 -3.372241797 -1.861540682 13.69216441 1.332000037 7.690020001 -0.0002402676148 -1.384125617e-05 -3.31867857e-05 -9.262287812 -36.75081004 0.0001104149495 -13.1544496 7.463108676 -1.290195081 3.690712135 
kAffine
box1
box_scene::Box1
iiwa_oneDOF_link_2
iiwa7_oneDOF::iiwa_oneDOF_link_2_collision
iiwa_oneDOF_link_2
16
0.613530358 -0.3169747179 -40.82703088 0.2387480894 -0.1097100106 -58.68060053 1.437203096 -0.7769242932 1.140649478 28.59164625 -57.19767083 0.1277931014 -0.8695617097 0.4245486793 9.121647508 -7.380972691 
kAffine
box1
box_scene::Box1
iiwa_oneDOF_link_3
iiwa7_oneDOF::iiwa_oneDOF_link_3_collision
iiwa_oneDOF_link_2
16
0.340998063 -0.1827962802 -34.39828683 0.7222973389 -0.3847379089 -45.9709416 1.18942778 -0.6550473605 1.003261599 29.03769534 -43.52931406 -0.02008187585 -0.8189724363 0.4099675301 15.71806692 0.5923418572 
kAffine
box1
box_scene::Box1
iiwa_oneDOF_link_4
iiwa7_oneDOF::iiwa_oneDOF_link_4_collision
iiwa_oneDOF_link_2
16
0.2884287859 -0.1593623748 -34.88002883 1.131491426 -0.6103204481 -42.30572894 -1.404757514 0.7971179221 -1.441439524 31.1425755 -39.21355901 -0.09204050953 -0.896143201 0.4609711464 20.67981768 5.092058668 
kAffine
box1
box_scene::Box1
iiwa_oneDOF_link_5
iiwa7_oneDOF::iiwa_oneDOF_link_5_collision
iiwa_oneDOF_link_2
16
0.2887129339 -0.1521532841 -40.24421828 1.952151028 -1.057253597 -43.06169014 -0.888463427 0.5471750976 -1.295111672 37.80204574 -39.15471014 -0.2183575707 -1.430879595 0.7554346898 28.61916125 10.49675905 
kAffine
box1
box_scene::Box1
iiwa_oneDOF_link_6
iiwa7_oneDOF::iiwa_oneDOF_link_6_collision
iiwa_oneDOF_link_2
16
0.3382086293 -0.1822525355 -47.15683769 2.607906478 -1.402317702 -47.70535791 -7.457286142e-06 3.848831049e-06 5.99418127e-05 46.62201938 -42.81503839 0.0002830564317 -2.038640671 1.071652759 36.49634178 15.01901421 
kAffine
box1
box_scene::Box1
iiwa_oneDOF_link_7
iiwa7_oneDOF::iiwa_oneDOF_link_7_collision
iiwa_oneDOF_link_2
16
0.2410717993 -0.1264030013 -47.00787049 2.809211717 -1.533506593 -43.71522769 -9.67910625e-06 5.29746349e-06 3.583538888e-05 45.63730708 -38.98823774 0.000264314487 -2.413338162 1.304871082 36.97963972 16.55417721 
kAffine
box2
box_scene::Box1
iiwa_twoDOF_link_2
iiwa7_twoDOF::iiwa_twoDOF_link_2_collision
iiwa_twoDOF_link_2
16
34.27113344 -0.04899622569 0.5493525201 -103.232362 -0.6727239624 0.7282884319 1.264525522 -0.4767665611 1.029221322 66.74499047 8.625922261 0.257917054 5.12489111 0.1128617179 -0.6714268306 -19.66229995 
kAffine
box2
box_scene::Box1
iiwa_twoDOF_link_3
iiwa7_twoDOF::iiwa_twoDOF_link_3_collision
iiwa_twoDOF_link_2
16
300.0136055 -1.990647974 2.789347575 -592.8993575 -2.672835975 3.121821266 0.3281040391 -0.05746032669 0.1104055699 453.7992163 93.41341957 -0.8901879641 133.7012327 1.345404782 -1.230526478 -125.7233127 
kAffine
box2
box_scene::Box1
iiwa_twoDOF_link_4
iiwa7_twoDOF::iiwa_twoDOF_link_4_collision
iiwa_twoDOF_link_2
16
2197.564304 -8.296830445 5.370583012 -4615.969912 -9.771719484 6.574355901 3.877569838 0.3898597546 -0.6379974174 3119.513434 332.3385278 3.830279118 962.9925701 6.978348622 -4.207969634 -842.8997154 
kAffine
box2
box_scene::Box1
iiwa_twoDOF_link_5
iiwa7_twoDOF::iiwa_twoDOF_link_5_collision
iiwa_twoDOF_link_2
16
349.5556785 -19.46824729 4.356453603 -1612.216906 -41.03672457 2.583482186 2.132644611 -2.594439385 0.4264487879 872.1773859 21.03500391 0.9664782237 154.5600648 -3.025320484 -0.7664337699 -304.6752515 
kAffine
box2
box_scene::Box1
iiwa_twoDOF_link_6
iiwa7_twoDOF::iiwa_twoDOF_link_6_collision
iiwa_twoDOF_link_2
16
380.2263014 -15.50290387 2.958923346 -1924.759563 -34.26741886 1.048318582 0.008750911878 3.221977339e-05 7.760364449e-06 1053.57826 18.66442414 0.002643819461 60.13048932 -4.838493765 -0.5139069373 -392.2046228 
kAffine
box2
box_scene::Box1
iiwa_twoDOF_link_7
iiwa7_twoDOF::iiwa_twoDOF_link_7_collision
iiwa_twoDOF_link_2
16
285.7210689 -7.814041892 2.782649888 -1523.141011 -31.47786881 0.4947058196 0.006352996095 9.488948882e-05 5.567044765e-06 864.1031767 13.16702303 0.002244610757 -23.31416704 -10.44502907 -0.6709225898 -321.2558264 
kAffine
box2
box_scene::Box1
iiwa_oneDOF_link_2
iiwa7_oneDOF::iiwa_oneDOF_link_2_collision
iiwa_oneDOF_link_2
16
-0.1434581438 0.07403803637 6.011893889 0.1886454653 -0.1042035645 -5.721868985 0.4186440366 -0.3627152717 0.1134282203 5.854259331 5.412897593 -0.1742770088 -0.6997434366 0.3623004097 4.656256738 -5.513451292 
kAffine
box2
box_scene::Box1
iiwa_oneDOF_link_3
iiwa7_oneDOF::iiwa_oneDOF_link_3_collision
iiwa_oneDOF_link_2
16
-0.2391822593 0.1284765103 8.337275453 0.5570428959 -0.3210771004 -7.548311365 0.6619344516 -0.4993924997 0.2169081081 8.018570201 7.485610642 -0.1596586912 -0.8358862424 0.4448784332 7.185222507 -8.083674197 
kAffine
box2
box_scene::Box1
iiwa_oneDOF_link_4
iiwa7_oneDOF::iiwa_oneDOF_link_4_collision
iiwa_oneDOF_link_2
16
-0.2249686642 0.1312226069 10.76169588 0.7964547921 -0.4491150791 -9.822615925 -1.082923803 0.7980281282 -0.4719905389 10.46786813 9.477438359 0.214301323 -1.028008572 0.5673418426 10.09173042 -10.80555453 
kAffine
box2
box_scene::Box1
iiwa_oneDOF_link_5
iiwa7_oneDOF::iiwa_oneDOF_link_5_collision
iiwa_oneDOF_link_2
16
-0.235634277 0.1232548116 14.49646601 1.235482051 -0.6999817747 -12.71242701 -0.8444287212 0.5907678007 -0.4981243814 14.18110782 12.72513978 0.1831273401 -1.338492875 0.7611070509 14.64500027 -15.45295041 
kAffine
box2
box_scene::Box1
iiwa_oneDOF_link_6
iiwa7_oneDOF::iiwa_oneDOF_link_6_collision
iiwa_oneDOF_link_2
16
-0.2426997898 0.1212555018 16.204675 1.430556904 -0.8163339204 -14.15710338 -6.117927991e-06 3.326775073e-06 9.775766076e-05 15.9044419 14.23352865 -1.12076237e-05 -1.43166851 0.8236609672 16.98600956 -17.59696633 
kAffine
box2
box_scene::Box1
iiwa_oneDOF_link_7
iiwa7_oneDOF::iiwa_oneDOF_link_7_collision
iiwa_oneDOF_link_2
16
-0.2531802676 0.1211290547 18.63378176 1.661853466 -0.9563903394 -16.21897119 -6.776165242e-06 3.834444691e-06 0.0001090220209 18.30298248 16.37480501 -1.157940975e-05 -1.576581979 0.9236716977 20.23812244 -20.5068941 
kAffine
box3
box_scene::Box1
iiwa_twoDOF_link_2
iiwa7_twoDOF::iiwa_twoDOF_link_2_collision
iiwa_twoDOF_link_2
16
28.68705142 0.2441765307 -0.01329584267 6.450050751 -0.2669959074 0.2542679731 1.281291697 -0.8014323144 1.222091499 -2.973758675 20.74928139 0.3164682855 -1.347212801 0.7062589492 -1.377919263 -16.78308037 
kAffine
box3
box_scene::Box1
iiwa_twoDOF_link_3
iiwa7_twoDOF::iiwa_twoDOF_link_3_collision
iiwa_twoDOF_link_2
16
47.22478664 0.3307538453 -0.1314404335 9.931512556 -0.846005942 0.9429337208 1.674462821 -0.9561401373 1.569493262 -3.687178541 33.2068237 0.5257151952 -3.916618226 0.9210765376 -1.593562202 -29.31231864 
kAffine
box3
box_scene::Box1
iiwa_twoDOF_link_4
iiwa7_twoDOF::iiwa_twoDOF_link_4_collision
iiwa_twoDOF_link_2
16
41.15962214 0.1481595892 0.04219981631 8.005614872 -0.2828305926 1.153183111 -1.154371985 0.5794682149 -1.762374488 -3.468646091 29.4831351 -0.243292347 -3.469916887 1.056159787 -0.09892204654 -24.89192288 
kAffine
box3
box_scene::Box1
iiwa_twoDOF_link_5
iiwa7_twoDOF::iiwa_twoDOF_link_5_collision
iiwa_twoDOF_link_2
16
126.2629151 0.3716369162 -0.2816984452 23.12168511 -1.069947126 2.159555859 -1.685159387 0.4742567956 -1.226344078 -6.516437613 84.39766301 0.4277232928 -14.49227246 2.036062204 -0.8048025403 -85.20777106 
kAffine
box3
box_scene::Box1
iiwa_twoDOF_link_6
iiwa7_twoDOF::iiwa_twoDOF_link_6_collision
iiwa_twoDOF_link_2
16
233.7313488 0.7652034139 -0.6355273798 43.68682246 -2.151445398 3.187447278 0.0004517234086 1.163383123e-05 -4.68815521e-06 -9.574259612 153.1699008 -0.0005685410905 -28.99359741 2.981786592 -1.582509477 -161.8986031 
kAffine
box3
box_scene::Box1
iiwa_twoDOF_link_7
iiwa7_twoDOF::iiwa_twoDOF_link_7_collision
iiwa_twoDOF_link_2
16
417.8149463 1.458346112 -1.183001088 80.6388136 -3.601880363 3.891045924 0.000812506793 1.710031759e-05 -1.742914793e-05 -12.66942092 269.4034944 -0.001023190798 -58.18496721 3.671877461 -1.036767287 -293.3355807 
kAffine
box3
box_scene::Box1
iiwa_oneDOF_link_2
iiwa7_oneDOF::iiwa_oneDOF_link_2_collision
iiwa_oneDOF_link_2
16
-0.7420980453 0.4280202967 19.05173617 0.4157488788 -0.2078089175 10.61837955 1.017692718 -0.7234917183 0.1951017239 -6.312390026 16.68019009 -0.7598207182 -1.851359499 0.9030268052 9.204256014 -8.768698923 
kAffine
box3
box_scene::Box1
iiwa_oneDOF_link_3
iiwa7_oneDOF::iiwa_oneDOF_link_3_collision
iiwa_oneDOF_link_2
16
-1.199191215 0.6972353529 23.31616406 1.262287179 -0.6572966227 12.58721611 1.20860193 -0.8593718906 0.1309784841 -6.761336811 20.34417058 -1.017644214 -1.968414848 0.9455637778 8.644071806 -13.36614501 
kAffine
box3
box_scene::Box1
iiwa_oneDOF_link_4
iiwa7_oneDOF::iiwa_oneDOF_link_4_collision
iiwa_oneDOF_link_2
16
-1.372347166 0.8038399606 25.13438481 1.606155191 -0.8394579057 12.82854097 -1.60524436 1.138146508 -0.0638200189 -6.497274037 21.64227881 1.412198491 -1.926738848 0.9214107269 7.654950682 -16.07285566 
kAffine
box3
box_scene::Box1
iiwa_oneDOF_link_5
iiwa7_oneDOF::iiwa_oneDOF_link_5_collision
iiwa_oneDOF_link_2
16
-1.436175321 0.8625057612 31.70600144 2.348115679 -1.277607641 13.74936976 -1.192717293 0.7942896549 0.1535398445 -6.515521004 25.81261054 1.052993136 -1.954318107 0.928810329 6.776746412 -22.7011774 
kAffine
box3
box_scene::Box1
iiwa_oneDOF_link_6
iiwa7_oneDOF::iiwa_oneDOF_link_6_collision
iiwa_oneDOF_link_2
16
-1.815733586 1.070407925 37.80934537 3.067925953 -1.697669027 15.63854286 -1.60606042e-05 9.435338792e-06 3.881038082e-05 -7.352416537 30.39356907 -0.0001360334027 -2.413235434 1.198225891 6.835870111 -28.27623114 
kAffine
box3
box_scene::Box1
iiwa_oneDOF_link_7
iiwa7_oneDOF::iiwa_oneDOF_link_7_collision
iiwa_oneDOF_link_2
16
-2.409345606 1.386788301 44.23182008 3.454195485 -1.935837045 17.40017203 -1.908138358e-05 1.079069386e-05 5.345870569e-05 -8.27808047 35.16451764 -0.0001511331154 -2.912195894 1.483878608 6.779167549 -34.40630658 
kAffine
box4
box_scene::Box1
iiwa_twoDOF_link_2
iiwa7_twoDOF::iiwa_twoDOF_link_2_collision
iiwa_twoDOF_link_2
16
3.980357626 0.1094727137 0.002866161335 13.17053873 0.02017990851 0.1611727006 0.6591693152 -0.5426047018 0.8140603155 -11.30420034 2.419240266 0.2252401727 -1.704581182 0.4916702696 -0.8466821273 -11.18266024 
kAffine
box4
box_scene::Box1
iiwa_twoDOF_link_3
iiwa7_twoDOF::iiwa_twoDOF_link_3_collision
iiwa_twoDOF_link_2
16
5.681418636 0.1452307147 -0.07034593937 15.58741919 -0.1996370766 0.4927493412 0.6626361337 -0.6249832406 0.9331692019 -13.26437005 3.997248637 0.09248378362 -4.879831534 0.5810918057 -0.9623135954 -13.41830177 
kAffine
box4
box_scene::Box1
iiwa_twoDOF_link_4
iiwa7_twoDOF::iiwa_twoDOF_link_4_collision
iiwa_twoDOF_link_2
16
4.123651421 0.03415866148 -0.03268603214 14.92783066 0.0126867396 0.9186304259 -0.3256206204 0.6527296786 -1.377683212 -12.54720813 3.950355484 -0.2518211063 -4.587324091 0.6693296596 0.0696727604 -11.03186362 
kAffine
box4
box_scene::Box1
iiwa_twoDOF_link_5
iiwa7_twoDOF::iiwa_twoDOF_link_5_collision
iiwa_twoDOF_link_2
16
3.942701336 0.07099328271 0.06106229099 19.830285 0.2688793584 1.161642615 -0.1392005913 0.4110640382 -1.258524323 -16.49523693 4.117790103 -0.146499127 -5.575061671 1.89339665 0.02086019423 -15.36090131 
kAffine
box4
box_scene::Box1
iiwa_twoDOF_link_6
iiwa7_twoDOF::iiwa_twoDOF_link_6_collision
iiwa_twoDOF_link_2
16
4.141488767 0.1606926128 0.1171315241 23.70459042 0.3877272985 1.313631295 -7.476463296e-05 -4.117795764e-07 -3.895586707e-06 -19.59942931 4.473351511 -7.002806228e-05 -6.378057436 2.65610568 -0.007206609826 -18.7589533 
kAffine
box4
box_scene::Box1
iiwa_twoDOF_link_7
iiwa7_twoDOF::iiwa_twoDOF_link_7_collision
iiwa_twoDOF_link_2
16
4.549530229 0.3084009627 0.161795555 27.468471 0.5052236437 1.375810376 -8.882474013e-05 -1.03742059e-06 -4.624295334e-06 -22.66464971 4.825835439 -7.786896573e-05 -6.993902781 3.336579151 -0.009069042329 -22.37749606 
kAffine
box4
box_scene::Box1
iiwa_oneDOF_link_2
iiwa7_oneDOF::iiwa_oneDOF_link_2_collision
iiwa_oneDOF_link_2
16
-0.06587791719 0.05067248686 -33.9156831 -0.9385958921 0.4957706953 52.84225543 1.443954739 -0.7924130733 0.1572075518 -45.55148188 -11.02368805 -0.9366987072 -1.31591654 0.6313311029 8.482113175 -7.561248758 
kAffine
box4
box_scene::Box1
iiwa_oneDOF_link_3
iiwa7_oneDOF::iiwa_oneDOF_link_3_collision
iiwa_oneDOF_link_2
16
0.04411381291 -0.09631928518 -18.62221867 1.917713475 -1.037940309 32.95417083 1.298714231 -0.8126269161 -0.00882767759 -28.46280753 -8.067065118 -1.148018807 -1.350689883 0.5840793369 2.707965133 -3.817324989 
kAffine
box4
box_scene::Box1
iiwa_oneDOF_link_4
iiwa7_oneDOF::iiwa_oneDOF_link_4_collision
iiwa_oneDOF_link_2
16
0.3779793716 -0.2817652916 -14.39712075 3.008563184 -1.741163758 24.43952138 -1.330062181 0.8986840409 0.2541714676 -22.50162086 -8.18171893 1.415721922 -1.768980899 0.8745765957 0.9325441242 -1.812875645 
kAffine
box4
box_scene::Box1
iiwa_oneDOF_link_5
iiwa7_oneDOF::iiwa_oneDOF_link_5_collision
iiwa_oneDOF_link_2
16
0.457079952 -0.278212828 -11.70064131 4.394608612 -2.52480602 17.20278066 -0.8995294919 0.6401251343 0.1501957926 -17.85521658 -9.397165876 1.056459513 -2.488398354 1.349768188 0.5590268087 1.063935023 
kAffine
box4
box_scene::Box1
iiwa_oneDOF_link_6
iiwa7_oneDOF::iiwa_oneDOF_link_6_collision
iiwa_oneDOF_link_2
16
0.7641277658 -0.3063841965 -12.30454377 6.450730873 -3.705778701 18.36038459 -2.322754521e-05 1.391914846e-05 -0.0001023593506 -18.83338418 -11.39095647 -5.845937267e-06 -3.849947478 2.091043498 -0.1241375693 2.648578226 
kAffine
box4
box_scene::Box1
iiwa_oneDOF_link_7
iiwa7_oneDOF::iiwa_oneDOF_link_7_collision
iiwa_oneDOF_link_2
16
0.7704933497 -0.2946040409 -10.79443708 6.559457225 -3.833184766 15.9154202 -2.20496584e-05 1.329831556e-05 -8.710461079e-05 -16.39548838 -11.09614043 -2.748501072e-06 -4.104374216 2.332411019 -0.4972861299 3.782672086 
kAffine
iiwa_twoDOF_link_0
iiwa7_twoDOF::iiwa_twoDOF_link_0_collision
iiwa_twoDOF_link_2
iiwa7_twoDOF::iiwa_twoDOF_link_2_collision
iiwa_twoDOF_link_2
16
-276.5378182 -3.109876247 0.457484451 -8.5034125 -2.468602414 10.58367488 2.08272968 -0.8792608029 2.087248241 8.726267798 -200.6149963 -0.9153715456 1.92535563 -0.08352474246 0.1247134414 -30.53140499 
kAffine
iiwa_twoDOF_link_0
iiwa7_twoDOF::iiwa_twoDOF_link_0_collision
iiwa_twoDOF_link_3
iiwa7_twoDOF::iiwa_twoDOF_link_3_collision
iiwa_twoDOF_link_2
16
-42.77149061 -2.098480584 1.0047821 6.768968184 -6.414533946 13.89671062 1.612634395 -1.830608005 2.451290691 5.04541272 -38.66523479 -0.6461426654 -0.07361541374 0.7887133464 -1.904252833 -3.037694885 
kAffine
iiwa_twoDOF_link_0
iiwa7_twoDOF::iiwa_twoDOF_link_0_collision
iiwa_twoDOF_link_4
iiwa7_twoDOF::iiwa_twoDOF_link_4_collision
iiwa_twoDOF_link_2
16
-15.59857607 -3.274812306 0.1400744927 6.234964226 -4.485139568 10.53575441 -1.052976601 1.278253439 -1.715309933 1.392460282 -16.87851611 0.4962589681 -0.9194519215 1.021506218 -1.962872235 0.7329601074 
kAffine
iiwa_twoDOF_link_0
iiwa7_twoDOF::iiwa_twoDOF_link_0_collision
iiwa_twoDOF_link_5
iiwa7_twoDOF::iiwa_twoDOF_link_5_collision
iiwa_twoDOF_link_2
16
-9.738799739 -8.587381744 0.329931669 4.611227748 -1.645663803 8.960977633 -0.274378111 0.6679124396 -1.213109277 -0.3595122464 -15.76705782 0.1884871279 -0.3804608968 0.2984039544 -1.467479858 1.649177004 
kAffine
iiwa_twoDOF_link_0
iiwa7_twoDOF::iiwa_twoDOF_link_0_collision
iiwa_twoDOF_link_6
iiwa7_twoDOF::iiwa_twoDOF_link_6_collision
iiwa_twoDOF_link_2
16
-5.913557822 -11.94240111 0.2289542454 3.856730427 -0.0557637645 7.871473746 -2.9221595e-05 -3.20761516e-05 -3.097374174e-05 -1.251913396 -14.35707794 5.277099835e-05 0.4222887673 -0.1688741258 -1.307156019 2.573717163 
kAffine
iiwa_twoDOF_link_0
iiwa7_twoDOF::iiwa_twoDOF_link_0_collision
iiwa_twoDOF_link_7
iiwa7_twoDOF::iiwa_twoDOF_link_7_collision
iiwa_twoDOF_link_2
16
-3.356647703 -10.79939219 0.1956633375 2.326210755 0.9959346311 5.059143244 -1.745181525e-05 -3.231542907e-05 -1.806406049e-05 -1.806800935 -11.31277896 3.675964885e-05 0.6384970621 -0.08364882915 -0.8670766966 3.161465491 
kAffine
iiwa_twoDOF_link_0
iiwa7_twoDOF::iiwa_twoDOF_link_0_collision
iiwa_oneDOF_link_2
iiwa7_oneDOF::iiwa_oneDOF_link_2_collision
iiwa_oneDOF_link_2
16
-0.06224612416 0.00395120939 3.313072407 0.155990937 -0.0723098792 -8.699289776 0.8570867973 -0.7778691943 0.2260395271 8.653350676 3.555203287 -0.2930511747 -0.6601328306 0.3684713055 3.72808783 -5.295480386 
kAffine
iiwa_twoDOF_link_0
iiwa7_twoDOF::iiwa_twoDOF_link_0_collision
iiwa_oneDOF_link_3
iiwa7_oneDOF::iiwa_oneDOF_link_3_collision
iiwa_oneDOF_link_2
16
-0.07347630572 0.0006890896575 6.5312724 0.7967762924 -0.4392529596 -13.42348584 1.367901709 -1.186906014 0.5407480263 13.60960629 6.88803486 -0.5320335536 -0.9385448301 0.5323607494 7.922359218 -8.864128874 
kAffine
iiwa_twoDOF_link_0
iiwa7_twoDOF::iiwa_twoDOF_link_0_collision
iiwa_oneDOF_link_4
iiwa7_oneDOF::iiwa_oneDOF_link_4_collision
iiwa_oneDOF_link_2
16
-0.07235420698 0.003477026941 9.313245299 1.271932738 -0.7161750953 -17.13923444 -2.034193877 1.735146249 -0.9332636734 17.54485419 9.767762776 0.810044281 -1.073038397 0.616946088 11.78520634 -11.82825468 
kAffine
iiwa_twoDOF_link_0
iiwa7_twoDOF::iiwa_twoDOF_link_0_collision
iiwa_oneDOF_link_5
iiwa7_oneDOF::iiwa_oneDOF_link_5_collision
iiwa_oneDOF_link_2
16
-0.09635564999 0.02272334311 19.85279762 2.218567998 -1.295946248 -33.66973281 -1.828771708 1.328683269 -1.234083229 35.0743284 20.76599097 0.6202506513 -1.883396053 1.1272044 27.25007418 -25.43088194 
kAffine
iiwa_twoDOF_link_0
iiwa7_twoDOF::iiwa_twoDOF_link_0_collision
iiwa_oneDOF_link_6
iiwa7_oneDOF::iiwa_oneDOF_link_6_collision
iiwa_oneDOF_link_2
16
-0.09796101928 0.02243133139 28.19424447 2.739228739 -1.635996438 -45.30205999 -1.254227e-05 7.481509262e-06 0.0002411687589 47.28240047 29.63247865 1.653948254e-05 -2.472051472 1.502137871 39.40206089 -34.69577027 
kAffine
iiwa_twoDOF_link_0
iiwa7_twoDOF::iiwa_twoDOF_link_0_collision
iiwa_oneDOF_link_7
iiwa7_oneDOF::iiwa_oneDOF_link_7_collision
iiwa_oneDOF_link_2
16
-0.1319487177 0.04664574347 43.05775946 3.37240663 -2.07498154 -67.17577277 -1.273767887e-05 7.745611039e-06 0.0003610080219 69.9026623 45.95214984 1.670132024e-05 -3.274928074 2.035527527 61.47422782 -51.82738192 
kAffine
iiwa_twoDOF_link_1
iiwa7_twoDOF::iiwa_twoDOF_link_1_collision
iiwa_twoDOF_link_3
iiwa7_twoDOF::iiwa_twoDOF_link_3_collision
iiwa_twoDOF_link_2
16
-37.66768727 1.26916548 5.527276459 71.63513889 -50.9717709 91.40561258 4.772227424 -2.702076003 5.880964476 -0.8289354884 -186.5783328 -4.212619595 -8.264565026 6.175064934 -11.30290662 21.3830687 
kAffine
iiwa_twoDOF_link_1
iiwa7_twoDOF::iiwa_twoDOF_link_1_collision
iiwa_twoDOF_link_4
iiwa7_twoDOF::iiwa_twoDOF_link_4_collision
iiwa_twoDOF_link_2
16
-8.390625694 -8.647952391 0.2172103506 15.21771775 -11.01231948 21.04516907 0.02754650249 -0.01584472854 0.004117400759 -0.9170508056 -33.90865284 -0.02117255894 -2.768388722 2.042094015 -4.018099619 6.461163734 
kAffine
iiwa_twoDOF_link_1
iiwa7_twoDOF::iiwa_twoDOF_link_1_collision
iiwa_twoDOF_link_5
iiwa7_twoDOF::iiwa_twoDOF_link_5_collision
iiwa_twoDOF_link_2
16
-3.891335979 -21.98145617 0.2932659402 9.396092442 -3.310974284 15.88684209 0.5036280985 -0.5999415142 0.9084490893 -2.000159003 -26.1014246 -0.4468858619 -0.9901693627 0.5693896458 -3.010523376 7.313536015 
kAffine
iiwa_twoDOF_link_1
iiwa7_twoDOF::iiwa_twoDOF_link_1_collision
iiwa_twoDOF_link_6
iiwa7_twoDOF::iiwa_twoDOF_link_6_collision
iiwa_twoDOF_link_2
16
-1.52122762 -18.60141762 0.3722911151 4.458551372 -0.3854541566 7.938568985 0.6683918082 -1.284001463 2.094255699 -2.223939345 -16.53616865 -0.850742546 -0.02835857554 0.2234550001 -1.569515105 6.567388137 
kAffine
iiwa_twoDOF_link_1
iiwa7_twoDOF::iiwa_twoDOF_link_1_collision
iiwa_twoDOF_link_7
iiwa7_twoDOF::iiwa_twoDOF_link_7_collision
iiwa_twoDOF_link_2
16
-0.6797448975 -17.66213659 0.3923035157 3.197332335 2.489185314 5.773483654 0.9048735099 -1.625085881 2.478936348 -3.562351336 -14.17233248 -0.8064416978 0.296409831 0.1400065183 -1.328799748 6.9472597 
kAffine
iiwa_twoDOF_link_1
iiwa7_twoDOF::iiwa_twoDOF_link_1_collision
iiwa_oneDOF_link_2
iiwa7_oneDOF::iiwa_oneDOF_link_2_collision
iiwa_oneDOF_link_2
16
-0.08303978151 0.01303536313 5.215825398 0.1655343336 -0.08361718341 -8.419542435 2.248787373 -2.121360032 0.516496565 8.266353981 5.331621431 -0.8324410528 -0.6582766127 0.3603446412 3.905874797 -5.513249058 
kAffine
iiwa_twoDOF_link_1
iiwa7_twoDOF::iiwa_twoDOF_link_1_collision
iiwa_oneDOF_link_3
iiwa7_oneDOF::iiwa_oneDOF_link_3_collision
iiwa_oneDOF_link_2
16
-0.1019339516 0.01621907969 9.97487863 0.8699924411 -0.4813870923 -13.68646414 3.646676118 -3.28226982 1.309454435 13.77147544 10.07408194 -1.67042238 -1.010260907 0.5694352778 8.611061698 -10.15520956 
kAffine
iiwa_twoDOF_link_1
iiwa7_twoDOF::iiwa_twoDOF_link_1_collision
iiwa_oneDOF_link_4
iiwa7_oneDOF::iiwa_oneDOF_link_4_collision
iiwa_oneDOF_link_2
16
-0.1023558758 0.02221929317 15.56426178 1.610703533 -0.8962949428 -19.82019613 0.0310889185 -0.005630352436 -0.05401512329 20.19375519 15.64581415 0.0794552872 -1.382828152 0.7879175645 14.40324112 -15.72905928 
kAffine
iiwa_twoDOF_link_1
iiwa7_twoDOF::iiwa_twoDOF_link_1_collision
iiwa_oneDOF_link_5
iiwa7_oneDOF::iiwa_oneDOF_link_5_collision
iiwa_oneDOF_link_2
16
-0.1085903376 0.03035444158 27.44707554 2.431571909 -1.419096359 -32.68004666 1.067371326 -0.7737111377 0.6395301546 34.05509528 26.91903534 -0.5683809993 -1.940635056 1.163482561 27.9487351 -28.47842807 
kAffine
iiwa_twoDOF_link_1
iiwa7_twoDOF::iiwa_twoDOF_link_1_collision
iiwa_oneDOF_link_6
iiwa7_oneDOF::iiwa_oneDOF_link_6_collision
iiwa_oneDOF_link_2
16
-0.0962302997 0.02361873769 40.55443892 3.096778151 -1.842164889 -46.92605293 3.364857249 -2.415002841 2.768359611 48.88929026 39.49507819 -2.204833808 -2.581081791 1.570887972 42.44220556 -41.65004886 
kAffine
iiwa_twoDOF_link_1
iiwa7_twoDOF::iiwa_twoDOF_link_1_collision
iiwa_oneDOF_link_7
iiwa7_oneDOF::iiwa_oneDOF_link_7_collision
iiwa_oneDOF_link_2
16
-0.08987053992 0.01609444907 68.12400093 4.295465849 -2.605615162 -77.04637634 3.310076651 -2.225582959 3.217099706 80.19826628 66.33475108 -1.719724558 -3.798795517 2.335911067 72.65791787 -69.28422535 
kAffine
iiwa_twoDOF_link_2
iiwa7_twoDOF::iiwa_twoDOF_link_2_collision
iiwa_twoDOF_link_4
iiwa7_twoDOF::iiwa_twoDOF_link_4_collision
iiwa_twoDOF_link_4
16
-1.802009695 -675.2474204 -5.214916451 21.01297603 -71.18645802 3.493793166 9.512553792 1.306330155 5.856074873 17.14735119 -505.7528918 -3.707562978 0.4925210207 6.295271634 1.613286619 -98.671476 
kAffine
iiwa_twoDOF_link_2
iiwa7_twoDOF::iiwa_twoDOF_link_2_collision
iiwa_twoDOF_link_5
iiwa7_twoDOF::iiwa_twoDOF_link_5_collision
iiwa_twoDOF_link_4
16
0.4367712714 -72.33335949 0.4456155814 13.54812895 -7.116474933 17.8863769 4.761632378 -4.984845271 7.695039613 0.1455002075 -56.21192497 -2.280245343 -2.1584659 0.8147209133 -2.607350508 -6.474498656 
kAffine
iiwa_twoDOF_link_2
iiwa7_twoDOF::iiwa_twoDOF_link_2_collision
iiwa_twoDOF_link_6
iiwa7_twoDOF::iiwa_twoDOF_link_6_collision
iiwa_twoDOF_link_4
16
-0.2835307264 -31.43709712 0.3377763972 10.41047793 -4.277709813 13.55621214 1.385790625 -2.040693136 2.663156541 -1.630443056 -27.53298498 -1.099429912 -2.382268826 0.6252333821 -2.984576233 -0.8227759169 
kAffine
iiwa_twoDOF_link_2
iiwa7_twoDOF::iiwa_twoDOF_link_2_collision
iiwa_twoDOF_link_7
iiwa7_twoDOF::iiwa_twoDOF_link_7_collision
iiwa_twoDOF_link_4
16
-0.3751507623 -16.65594375 -0.1101741693 7.045226202 -4.781604733 8.774787604 0.7321894994 -1.158014281 1.429450378 0.6850666073 -15.09029098 -0.5942652585 -1.85957709 1.391568144 -2.379737626 0.760279166 
kAffine
iiwa_twoDOF_link_2
iiwa7_twoDOF::iiwa_twoDOF_link_2_collision
iiwa_oneDOF_link_0
iiwa7_oneDOF::iiwa_oneDOF_link_0_collision
iiwa_twoDOF_link_1
16
8.773265789 -4.853598518 10.32253923 -0.1803557445 0.1325640265 -0.2135714899 1.619958531 1.81596626 -2.892085273 -8.90193994 0.1973614794 2.628893254 -3.414448701 2.049972021 -3.724183798 3.851521268 
kAffine
iiwa_twoDOF_link_2
iiwa7_twoDOF::iiwa_twoDOF_link_2_collision
iiwa_oneDOF_link_1
iiwa7_oneDOF::iiwa_oneDOF_link_1_collision
iiwa_twoDOF_link_1
16
11.07711668 -6.410529069 15.00214617 -0.5295031864 0.3789287964 -0.8641550604 3.981480404 1.023005248 -1.769916416 -10.22739409 0.4594745033 1.088569715 -4.131099136 2.546159942 -4.327356599 4.86361716 
kAffine
iiwa_twoDOF_link_2
iiwa7_twoDOF::iiwa_twoDOF_link_2_collision
iiwa_oneDOF_link_2
iiwa7_oneDOF::iiwa_oneDOF_link_2_collision
iiwa_twoDOF_link_1
16
7.279837366 -4.998700684 9.21759854 -0.04137965431 0.02470299995 -0.03562844938 1.228438149 0.3466490207 0.5388090765 -9.198228105 0.0228894404 1.800639231 -3.82071211 2.650715277 -5.028075729 4.471374434 
kAffine
iiwa_twoDOF_link_2
iiwa7_twoDOF::iiwa_twoDOF_link_2_collision
iiwa_oneDOF_link_3
iiwa7_oneDOF::iiwa_oneDOF_link_3_collision
iiwa_twoDOF_link_1
16
8.736262112 -6.550433345 13.91688004 -0.01256511556 -0.001193271286 -0.005998268899 0.2587142938 0.207098809 5.574700739 -14.35306009 -0.03138091835 6.100311598 -3.773484887 3.080771237 -6.988237919 4.721229045 
kAffine
iiwa_twoDOF_link_2
iiwa7_twoDOF::iiwa_twoDOF_link_2_collision
iiwa_oneDOF_link_4
iiwa7_oneDOF::iiwa_oneDOF_link_4_collision
iiwa_twoDOF_link_1
16
8.946777967 -7.458342542 18.90132963 -2.190784408 1.819334805 -2.338955897 0.08231280723 0.205641988 11.10640888 -20.26881116 2.707224383 11.2437162 -3.202074064 3.090180572 -8.572606749 4.751192733 
kAffine
iiwa_twoDOF_link_2
iiwa7_twoDOF::iiwa_twoDOF_link_2_collision
iiwa_oneDOF_link_5
iiwa7_oneDOF::iiwa_oneDOF_link_5_collision
iiwa_twoDOF_link_1
16
16.61026722 -18.18329115 67.01641592 -7.57880157 4.013336765 -5.220205034 0.02708684331 0.698197996 49.32055653 -74.07915859 6.760691447 51.83448264 -1.432194124 4.307468987 -24.53177101 4.833043688 
kAffine
iiwa_twoDOF_link_2
iiwa7_twoDOF::iiwa_twoDOF_link_2_collision
iiwa_oneDOF_link_6
iiwa7_oneDOF::iiwa_oneDOF_link_6_collision
iiwa_twoDOF_link_1
16
38.89727012 -46.52448835 217.8386064 -13.37293753 3.995222019 -4.065638823 -0.01650569394 2.181551619 161.2601216 -235.6369493 7.552619763 180.9433632 0.6465730954 8.273545446 -80.57341077 -2.666859947 
kAffine
iiwa_twoDOF_link_2
iiwa7_twoDOF::iiwa_twoDOF_link_2_collision
iiwa_oneDOF_link_7
iiwa7_oneDOF::iiwa_oneDOF_link_7_collision
iiwa_twoDOF_link_1
16
246.8508523 -290.559154 1073.979068 -39.00196236 4.884607769 5.248068495 4.007428619 17.07492255 726.275128 -1600.509716 21.15455336 1000.812916 -24.13431282 46.61780541 -482.6264591 -89.42722083 
kAffine
iiwa_twoDOF_link_3
iiwa7_twoDOF::iiwa_twoDOF_link_3_collision
iiwa_twoDOF_link_5
iiwa7_twoDOF::iiwa_twoDOF_link_5_collision
iiwa_twoDOF_link_4
16
1.036418174 -82.57667302 -2.883726049 43.30311647 -23.67940175 76.21836209 7.014009475 -4.668634785 6.701281406 7.681210708 -234.7886375 -5.408014534 -6.106656458 4.123162549 -8.671474777 23.27784211 
kAffine
iiwa_twoDOF_link_3
iiwa7_twoDOF::iiwa_twoDOF_link_3_collision
iiwa_twoDOF_link_6
iiwa7_twoDOF::iiwa_twoDOF_link_6_collision
iiwa_twoDOF_link_4
16
-0.7811944616 -16.50597804 0.08725029648 14.99847788 -9.621555362 20.03322424 1.155349384 -1.092965557 1.492357141 -1.972665712 -36.99470899 -1.286399394 -3.122423857 2.090118123 -4.038546852 6.114893956 
kAffine
iiwa_twoDOF_link_3
iiwa7_twoDOF::iiwa_twoDOF_link_3_collision
iiwa_twoDOF_link_7
iiwa7_twoDOF::iiwa_twoDOF_link_7_collision
iiwa_twoDOF_link_4
16
-0.5875411841 -7.864737225 -0.03662060615 8.537939595 -5.569001323 10.60083894 0.4889611013 -0.4992571031 0.664836259 -1.146626888 -17.00465111 -0.533422635 -2.211362377 1.531332415 -2.714062803 3.933832805 
kAffine
iiwa_twoDOF_link_3
iiwa7_twoDOF::iiwa_twoDOF_link_3_collision
iiwa_oneDOF_link_0
iiwa7_oneDOF::iiwa_oneDOF_link_0_collision
iiwa_twoDOF_link_1
16
6.44245511 -4.249092813 8.427430867 -0.2504582792 0.3555045475 -0.5178959707 6.704492119 1.409022878 -2.349683744 -9.327789581 0.2672060631 1.174549842 -1.681329788 2.389134705 -3.410260239 4.658613531 
kAffine
iiwa_twoDOF_link_3
iiwa7_twoDOF::iiwa_twoDOF_link_3_collision
iiwa_oneDOF_link_1
iiwa7_oneDOF::iiwa_oneDOF_link_1_collision
iiwa_twoDOF_link_1
16
5.895601862 -4.857647679 10.52423085 -0.5555413048 0.8861656671 -1.648868074 9.265911957 0.5626788908 -0.9223531997 -10.31772146 0.5752430338 -0.1678451085 -1.680860291 2.79015456 -3.513870835 5.987149658 
kAffine
iiwa_twoDOF_link_3
iiwa7_twoDOF::iiwa_twoDOF_link_3_collision
iiwa_oneDOF_link_2
iiwa7_oneDOF::iiwa_oneDOF_link_2_collision
iiwa_twoDOF_link_1
16
7.03720541 -6.731471269 10.86788229 -0.06325989229 0.05097700171 -0.07817512176 6.480164711 0.3463801087 -0.317311808 -12.53301374 0.06099191967 1.388380551 -3.449956909 4.158642538 -6.186425733 6.959842879 
kAffine
iiwa_twoDOF_link_3
iiwa7_twoDOF::iiwa_twoDOF_link_3_collision
iiwa_oneDOF_link_3
iiwa7_oneDOF::iiwa_oneDOF_link_3_collision
iiwa_twoDOF_link_1
16
11.76958443 -11.36960023 18.77075018 -0.06892863719 0.02183990266 -0.06070001537 4.707095101 0.2754641797 0.823725223 -22.24283244 -0.009530346229 9.792113672 -4.266023035 6.230525443 -10.34519155 6.577210494 
kAffine
iiwa_twoDOF_link_3
iiwa7_twoDOF::iiwa_twoDOF_link_3_collision
iiwa_oneDOF_link_4
iiwa7_oneDOF::iiwa_oneDOF_link_4_collision
iiwa_twoDOF_link_1
16
18.39170181 -18.17483507 34.93763024 -2.89206173 5.128304854 -4.731897398 5.026121283 0.7044788496 3.499404298 -40.77906834 6.928497688 26.07602534 -4.442535563 8.491112706 -20.13039518 3.123735403 
kAffine
iiwa_twoDOF_link_3
iiwa7_twoDOF::iiwa_twoDOF_link_3_collision
iiwa_oneDOF_link_5
iiwa7_oneDOF::iiwa_oneDOF_link_5_collision
iiwa_twoDOF_link_1
16
115.4840792 -80.56744042 87.22895923 -9.397908169 7.018843045 4.594012814 6.255555413 10.0587907 -34.84486055 -442.1567314 25.4582275 265.3294184 -6.629439695 20.42635112 -160.912122 -117.1478423 
kAffine
iiwa_twoDOF_link_3
iiwa7_twoDOF::iiwa_twoDOF_link_3_collision
iiwa_oneDOF_link_6
iiwa7_oneDOF::iiwa_oneDOF_link_6_collision
iiwa_twoDOF_link_1
16
122.4790356 -55.38419033 -320.2136287 -26.05824528 -0.6137064409 -10.4252255 -2.942924489 11.36162789 -174.2281201 -881.5562189 2.890863679 202.4645435 2.987409263 8.098054544 -58.80407198 -57.56869852 
kAffine
iiwa_twoDOF_link_3
iiwa7_twoDOF::iiwa_twoDOF_link_3_collision
iiwa_oneDOF_link_7
iiwa7_oneDOF::iiwa_oneDOF_link_7_collision
iiwa_twoDOF_link_1
16
703.0849065 -87.31910872 -3752.287159 -246.5104579 5.0677551 -147.2031495 -7.793047291 36.84666133 -2050.53943 -6987.325174 -39.6101914 277.16003 45.18545079 1.624559244 379.9551536 238.3440169 
kAffine
iiwa_twoDOF_link_4
iiwa7_twoDOF::iiwa_twoDOF_link_4_collision
iiwa_oneDOF_link_0
iiwa7_oneDOF::iiwa_oneDOF_link_0_collision
iiwa_twoDOF_link_3
16
-0.2135340632 0.0203000041 0.2428434959 0.129037304 -0.639775763 0.9187503001 -9.54231061 0.09190299669 -0.8965390484 -9.112936689 -0.03933279923 -0.591907799 1.50883935 -0.4960811312 -0.2234522577 5.078894577 
kAffine
iiwa_twoDOF_link_4
iiwa7_twoDOF::iiwa_twoDOF_link_4_collision
iiwa_oneDOF_link_1
iiwa7_oneDOF::iiwa_oneDOF_link_1_collision
iiwa_twoDOF_link_3
16
1.53034417 0.05517429403 0.2329479169 -0.02797558976 0.0003544380777 -0.0323931813 -10.27316901 0.09173991794 -0.8558835214 -9.720212588 -0.07774062595 -2.25963671 1.592363029 -0.5287576684 -0.2136883296 5.513643361 
kAffine
iiwa_twoDOF_link_4
iiwa7_twoDOF::iiwa_twoDOF_link_4_collision
iiwa_oneDOF_link_2
iiwa7_oneDOF::iiwa_oneDOF_link_2_collision
iiwa_twoDOF_link_1
16
6.516930435 -7.174871248 10.73623216 1.160219003 -1.720929767 3.885860956 13.01321862 -1.01166296 -0.7135352472 -15.79216002 -0.9194301076 1.69663311 -4.519145504 5.289206572 -8.588142119 8.942517579 
kAffine
iiwa_twoDOF_link_4
iiwa7_twoDOF::iiwa_twoDOF_link_4_collision
iiwa_oneDOF_link_3
iiwa7_oneDOF::iiwa_oneDOF_link_3_collision
iiwa_twoDOF_link_1
16
28.9508687 -26.29683596 33.14376618 0.8972051411 -6.090840451 11.05344129 31.67781273 -3.966288472 -3.55510595 -54.17642808 -4.931011414 23.07947211 -12.91894815 15.63278671 -26.43337895 12.37558594 
kAffine
iiwa_twoDOF_link_4
iiwa7_twoDOF::iiwa_twoDOF_link_4_collision
iiwa_oneDOF_link_4
iiwa7_oneDOF::iiwa_oneDOF_link_4_collision
iiwa_twoDOF_link_1
16
157.7429472 -121.3264796 133.5230978 0.7068262808 -0.04215136385 0.9762492813 114.3518516 -8.693804564 -30.21157024 -261.1311851 0.7141883332 156.9878138 -51.09301561 56.49107986 -128.5213062 -12.45589969 
kAffine
iiwa_twoDOF_link_4
iiwa7_twoDOF::iiwa_twoDOF_link_4_collision
iiwa_oneDOF_link_5
iiwa7_oneDOF::iiwa_oneDOF_link_5_collision
iiwa_twoDOF_link_1
16
803.2368094 -334.4829028 17.98962011 12.59824108 -9.210494087 13.15358576 29.99535136 67.39489161 -219.2408351 -842.3648592 -0.8861760762 687.8074053 -142.1609669 59.94522048 -464.1877573 -519.7330935 
kAffine
iiwa_twoDOF_link_4
iiwa7_twoDOF::iiwa_twoDOF_link_4_collision
iiwa_oneDOF_link_6
iiwa7_oneDOF::iiwa_oneDOF_link_6_collision
iiwa_twoDOF_link_1
16
8813.734972 -3119.999791 -542.8847293 367.2369424 -61.10901777 398.7065188 -2421.690057 988.2533258 -3225.464689 -5133.862684 188.0336981 2019.77788 -1008.348371 321.3143487 -1200.937224 -1884.261797 
kAffine
iiwa_twoDOF_link_4
iiwa7_twoDOF::iiwa_twoDOF_link_4_collision
iiwa_oneDOF_link_7
iiwa7_oneDOF::iiwa_oneDOF_link_7_collision
iiwa_twoDOF_link_1
16
23129093.57 -5395446.132 559541.6962 467.5912406 -106.2377583 7328.314952 -8689160.893 1785482.669 -6816689.582 -7666032.533 5109.046061 763924.5038 -961416.9963 349750.1939 264011.6832 -860853.1979 
kAffine
iiwa_twoDOF_link_5
iiwa7_twoDOF::iiwa_twoDOF_link_5_collision
iiwa_oneDOF_link_0
iiwa7_oneDOF::iiwa_oneDOF_link_0_collision
iiwa_twoDOF_link_3
16
-3.050693501 0.05991436847 0.5434273985 -0.1141804661 -0.5410170694 1.294101395 -14.82591406 -0.3171792048 -1.873699754 -14.58037981 -0.2251788104 1.175313711 1.429509322 -1.716859455 -0.5174409116 8.982073805 
kAffine
iiwa_twoDOF_link_5
iiwa7_twoDOF::iiwa_twoDOF_link_5_collision
iiwa_oneDOF_link_1
iiwa7_oneDOF::iiwa_oneDOF_link_1_collision
iiwa_twoDOF_link_3
16
-0.3325669694 0.2079068628 0.6615254716 0.05262496225 0.3361338562 -0.8611641917 -19.14974618 -0.3392416537 -1.998310019 -18.44109197 -0.01731230326 -1.831674034 1.820535107 -2.019622836 -0.5323877619 11.64025698 
kAffine
iiwa_twoDOF_link_5
iiwa7_twoDOF::iiwa_twoDOF_link_5_collision
iiwa_oneDOF_link_2
iiwa7_oneDOF::iiwa_oneDOF_link_2_collision
iiwa_twoDOF_link_1
16
18.68964567 -17.14848754 24.29607521 1.335950253 -3.401245603 10.5444495 33.3650032 -10.33062911 -2.274620141 -39.71372414 -0.9489279186 12.00415215 -10.99833011 13.23079759 -22.30268801 19.76253159 
kAffine
iiwa_twoDOF_link_5
iiwa7_twoDOF::iiwa_twoDOF_link_5_collision
iiwa_oneDOF_link_3
iiwa7_oneDOF::iiwa_oneDOF_link_3_collision
iiwa_twoDOF_link_1
16
147.5455589 -100.4107513 91.54757547 19.51120225 -20.91636622 35.52125807 126.2671752 -36.84502816 -31.38876247 -208.9578466 3.564134725 160.9176206 -64.82366691 57.34183555 -118.1753199 -10.04847419 
kAffine
iiwa_twoDOF_link_5
iiwa7_twoDOF::iiwa_twoDOF_link_5_collision
iiwa_oneDOF_link_4
iiwa7_oneDOF::iiwa_oneDOF_link_4_collision
iiwa_twoDOF_link_1
16
412.3930237 -191.9510352 74.04180876 -14.50856253 5.638035532 -17.29199329 116.7685569 -34.33565539 -97.28728272 -348.6430836 -5.565046563 430.5046332 -166.2254689 82.99471801 -274.0079835 -240.3834791 
kAffine
iiwa_twoDOF_link_5
iiwa7_twoDOF::iiwa_twoDOF_link_5_collision
iiwa_oneDOF_link_5
iiwa7_oneDOF::iiwa_oneDOF_link_5_collision
iiwa_twoDOF_link_1
16
4061.044127 -1408.628202 1262.062947 1.642647678 -0.06288468415 1.362404872 -527.5859615 130.5468119 -1006.214914 -590.2579044 0.971628308 1676.221135 -358.7641837 86.96428931 -1054.894745 -1776.149759 
kAffine
iiwa_twoDOF_link_5
iiwa7_twoDOF::iiwa_twoDOF_link_5_collision
iiwa_oneDOF_link_6
iiwa7_oneDOF::iiwa_oneDOF_link_6_collision
iiwa_twoDOF_link_1
16
5306.355651 -1845.38153 814.1683388 190.7260845 -93.89015722 325.5445989 -1041.082875 312.3465914 -1889.711592 -1323.85021 139.3129415 1760.242458 -422.8636655 107.188924 -1323.370802 -2290.733163 
kAffine
iiwa_twoDOF_link_5
iiwa7_twoDOF::iiwa_twoDOF_link_5_collision
iiwa_oneDOF_link_7
iiwa7_oneDOF::iiwa_oneDOF_link_7_collision
iiwa_twoDOF_link_1
16
4425.938951 -1497.849248 180.506003 237.0078324 -118.8985063 345.4288162 -1261.414648 421.0131481 -1686.287459 -1475.155979 128.5259687 1602.161247 -187.2659085 33.75284469 -1355.969681 -2170.666723 
kAffine
iiwa_twoDOF_link_6
iiwa7_twoDOF::iiwa_twoDOF_link_6_collision
iiwa_oneDOF_link_0
iiwa7_oneDOF::iiwa_oneDOF_link_0_collision
iiwa_twoDOF_link_3
16
-5.508317974 0.1253929261 0.7790331596 -2.552592538e-06 -2.728334036e-06 -1.239279494e-06 -18.74613667 -0.7209048355 -2.591657541 -18.71687785 1.279486725e-06 2.743464461 1.114045545 -2.674876601 -0.8094973255 11.87907307 
kAffine
iiwa_twoDOF_link_6
iiwa7_twoDOF::iiwa_twoDOF_link_6_collision
iiwa_oneDOF_link_1
iiwa7_oneDOF::iiwa_oneDOF_link_1_collision
iiwa_twoDOF_link_3
16
-2.156125439 0.4138882425 0.8956382031 0.2641177565 1.179529481 -3.511532765 -25.11732596 -0.7626526095 -2.698750661 -24.48926709 0.3855535821 -1.136706024 1.552007766 -3.098755889 -0.8196485427 15.96112991 
kAffine
iiwa_twoDOF_link_6
iiwa7_twoDOF::iiwa_twoDOF_link_6_collision
iiwa_oneDOF_link_2
iiwa7_oneDOF::iiwa_oneDOF_link_2_collision
iiwa_twoDOF_link_1
16
23.90326946 -22.42090299 30.02357676 0.8342719472 -2.434505119 8.790823157 45.60426493 -19.56291114 -2.827092159 -56.68785247 0.8790471948 17.19472488 -12.31741148 17.99462224 -30.22577319 27.09296501 
kAffine
iiwa_twoDOF_link_6
iiwa7_twoDOF::iiwa_twoDOF_link_6_collision
iiwa_oneDOF_link_3
iiwa7_oneDOF::iiwa_oneDOF_link_3_collision
iiwa_twoDOF_link_1
16
430.0445555 -265.5899445 178.2639931 30.10272884 -13.50288845 56.94643961 339.211354 -116.5477263 -80.21353883 -554.6456932 29.74811512 529.5338592 -198.353292 148.8927859 -340.0750013 -118.601292 
kAffine
iiwa_twoDOF_link_6
iiwa7_twoDOF::iiwa_twoDOF_link_6_collision
iiwa_oneDOF_link_4
iiwa7_oneDOF::iiwa_oneDOF_link_4_collision
iiwa_twoDOF_link_1
16
3213.568382 -1100.789589 688.9091504 -214.9021035 80.82828721 -192.4786469 593.6653543 -280.0309374 -491.4869574 -1410.641252 -41.01215494 2483.543713 -1091.127897 371.7691128 -1709.154612 -1826.891283 
kAffine
iiwa_twoDOF_link_6
iiwa7_twoDOF::iiwa_twoDOF_link_6_collision
iiwa_oneDOF_link_5
iiwa7_oneDOF::iiwa_oneDOF_link_5_collision
iiwa_twoDOF_link_1
16
9114.244193 -2917.667112 3071.37084 -90.61138751 -21.0516322 -116.7190165 -1102.025309 126.6202675 -2019.948904 -632.2095265 -102.2354473 4020.058624 -564.4436483 -26.21563749 -2280.221911 -4346.439811 
kAffine
iiwa_twoDOF_link_6
iiwa7_twoDOF::iiwa_twoDOF_link_6_collision
iiwa_oneDOF_link_6
iiwa7_oneDOF::iiwa_oneDOF_link_6_collision
iiwa_twoDOF_link_1
16
3556.569455 -1186.863179 612.0321451 -0.01981118579 0.007556843374 -0.00870142778 -617.2906795 131.973644 -1143.586084 -662.5368465 0.003291289846 1323.763519 -247.2139615 49.01536645 -963.2213647 -1718.612509 
kAffine
iiwa_twoDOF_link_6
iiwa7_twoDOF::iiwa_twoDOF_link_6_collision
iiwa_oneDOF_link_7
iiwa7_oneDOF::iiwa_oneDOF_link_7_collision
iiwa_twoDOF_link_1
16
2531.277904 -796.9016554 293.7372383 -0.002079287484 0.0006776558549 -0.0002695498715 -619.9511485 155.2726121 -878.0118066 -552.2129615 -0.001426619846 994.7270086 -65.46767018 -3.624879397 -822.2441497 -1373.167822 
kAffine
iiwa_twoDOF_link_7
iiwa7_twoDOF::iiwa_twoDOF_link_7_collision
iiwa_oneDOF_link_0
iiwa7_oneDOF::iiwa_oneDOF_link_0_collision
iiwa_twoDOF_link_3
16
-8.222581042 0.1750920351 0.9089798621 -4.582600465e-15 8.70222602e-14 2.493106702e-13 -21.52520872 -1.196543101 -3.183482626 -21.95412761 -2.407671658e-13 4.681313597 0.2424497107 -3.521463839 -1.182447181 14.28350693 
kAffine
iiwa_twoDOF_link_7
iiwa7_twoDOF::iiwa_twoDOF_link_7_collision
iiwa_oneDOF_link_1
iiwa7_oneDOF::iiwa_oneDOF_link_1_collision
iiwa_twoDOF_link_3
16
-4.685678648 0.6519741336 1.064378241 0.1043939999 1.380551526 -4.485611406 -30.42991502 -1.308400811 -3.280868999 -30.1793862 0.3681616688 0.2778402658 0.4768416337 -4.15587808 -1.141202647 20.2295168 
kAffine
iiwa_twoDOF_link_7
iiwa7_twoDOF::iiwa_twoDOF_link_7_collision
iiwa_oneDOF_link_2
iiwa7_oneDOF::iiwa_oneDOF_link_2_collision
iiwa_twoDOF_link_1
16
36.4132338 -34.6503607 43.48671701 -0.8142449118 -3.16457801 15.00399673 73.39285696 -38.24960929 -4.023652922 -96.35409561 5.529809489 28.08956072 -14.30537087 28.38855399 -47.39686181 44.74681467 
kAffine
iiwa_twoDOF_link_7
iiwa7_twoDOF::iiwa_twoDOF_link_7_collision
iiwa_oneDOF_link_3
iiwa7_oneDOF::iiwa_oneDOF_link_3_collision
iiwa_twoDOF_link_1
16
667.9937992 -389.6797649 195.3280205 22.27547127 -11.21822923 89.00414068 510.5150015 -190.69377 -103.9753228 -814.6503337 56.09329353 901.4404345 -310.8356974 215.6435712 -525.0695125 -275.9837004 
kAffine
iiwa_twoDOF_link_7
iiwa7_twoDOF::iiwa_twoDOF_link_7_collision
iiwa_oneDOF_link_4
iiwa7_oneDOF::iiwa_oneDOF_link_4_collision
iiwa_twoDOF_link_1
16
3711.30372 -1212.230546 938.6342027 -96.25216582 38.8837545 -120.9527305 683.5763674 -346.4352745 -408.8914084 -1259.545531 -36.55085618 2655.849987 -984.0573474 299.6099635 -1742.377918 -2072.133622 
kAffine
iiwa_twoDOF_link_7
iiwa7_twoDOF::iiwa_twoDOF_link_7_collision
iiwa_oneDOF_link_5
iiwa7_oneDOF::iiwa_oneDOF_link_5_collision
iiwa_twoDOF_link_1
16
3076.994952 -981.411802 761.6953292 -76.20915551 33.44556063 -78.7641303 -288.5918093 -21.80448891 -581.6226134 -384.9435233 -10.91870166 1785.662578 -91.26505835 -35.00053073 -896.6612498 -1805.734703 
kAffine
iiwa_twoDOF_link_7
iiwa7_twoDOF::iiwa_twoDOF_link_7_collision
iiwa_oneDOF_link_6
iiwa7_oneDOF::iiwa_oneDOF_link_6_collision
iiwa_twoDOF_link_1
16
1247.912444 -457.1630883 174.8765717 -0.0021869233 0.0001912064383 0.0006836194549 -211.7283782 32.50998781 -339.4996433 -239.5523181 0.002489685474 661.2561994 -60.31515982 19.22616424 -435.7113288 -782.8284958 
kAffine
iiwa_twoDOF_link_7
iiwa7_twoDOF::iiwa_twoDOF_link_7_collision
iiwa_oneDOF_link_7
iiwa7_oneDOF::iiwa_oneDOF_link_7_collision
iiwa_twoDOF_link_1
16
736.3558468 -261.3490589 79.67846018 1.83847387e-08 -8.983134224e-09 -1.4549733e-08 -188.0618283 48.64852219 -239.4764445 -154.7355856 -2.954465131e-08 424.6548371 11.75054503 -13.04500993 -320.1620199 -547.0704046 
kAffine
iiwa_oneDOF_link_0
iiwa7_oneDOF::iiwa_oneDOF_link_0_collision
iiwa_oneDOF_link_2
iiwa7_oneDOF::iiwa_oneDOF_link_2_collision
iiwa_oneDOF_link_2
16
2.463585129 -1.079464043 -116.6291936 8.74892348 -4.110628367 -67.76384233 3.78517449 -2.278746644 2.588583727 70.87497913 -101.7711006 -1.130074802 -2.22585803 1.074549545 10.25297472 -14.04279378 
kAffine
iiwa_oneDOF_link_0
iiwa7_oneDOF::iiwa_oneDOF_link_0_collision
iiwa_oneDOF_link_3
iiwa7_oneDOF::iiwa_oneDOF_link_3_collision
iiwa_oneDOF_link_2
16
1.961557501 -1.289793368 -65.81628989 15.8901854 -9.325604432 -0.74599242 2.579868006 -1.675099344 2.619100616 32.41120108 -47.66976177 -0.2829978347 -2.638042981 1.545969647 3.452884587 -3.602892512 
kAffine
iiwa_oneDOF_link_0
iiwa7_oneDOF::iiwa_oneDOF_link_0_collision
iiwa_oneDOF_link_4
iiwa7_oneDOF::iiwa_oneDOF_link_4_collision
iiwa_oneDOF_link_2
16
1.259583971 -0.6775230311 -22.42449194 9.280657999 -6.15140372 14.5166795 -1.321774731 1.097334417 -1.634126378 1.964218223 -20.78447614 0.5687057546 -2.172469932 1.498094966 -3.733343461 0.2270444196 
kAffine
iiwa_oneDOF_link_0
iiwa7_oneDOF::iiwa_oneDOF_link_0_collision
iiwa_oneDOF_link_5
iiwa7_oneDOF::iiwa_oneDOF_link_5_collision
iiwa_oneDOF_link_2
16
0.6840871387 -0.2565485797 -10.01349944 6.380709351 -4.420730652 10.11257312 -0.4072387647 0.361339427 -0.4905371043 -1.330115554 -11.39125477 0.2683504676 -2.10662973 1.532563156 -3.848524355 1.420595957 
kAffine
iiwa_oneDOF_link_0
iiwa7_oneDOF::iiwa_oneDOF_link_0_collision
iiwa_oneDOF_link_6
iiwa7_oneDOF::iiwa_oneDOF_link_6_collision
iiwa_oneDOF_link_2
16
0.5881701046 -0.1514408786 -7.208474205 5.909679122 -4.058598964 9.30835168 -2.077037536e-05 1.526265565e-05 -5.548576393e-05 -2.089659445 -9.242660778 2.975152159e-05 -2.265368953 1.644849992 -4.108766829 1.875489134 
kAffine
iiwa_oneDOF_link_0
iiwa7_oneDOF::iiwa_oneDOF_link_0_collision
iiwa_oneDOF_link_7
iiwa7_oneDOF::iiwa_oneDOF_link_7_collision
iiwa_oneDOF_link_2
16
0.6809288311 -0.1762893524 -8.880034267 8.777182327 -5.93072561 13.34638532 -3.043348512e-05 2.131697194e-05 -7.258797896e-05 -3.839618681 -11.6702749 3.267854035e-05 -3.723354207 2.662143103 -6.519999797 2.95003933 
kAffine
iiwa_oneDOF_link_1
iiwa7_oneDOF::iiwa_oneDOF_link_1_collision
iiwa_oneDOF_link_3
iiwa7_oneDOF::iiwa_oneDOF_link_3_collision
iiwa_oneDOF_link_2
16
5.156477987 -1.436624693 -56.41148832 54.23305004 -33.24012574 86.79142171 6.524416023 -4.076139249 9.89650051 -25.22873268 -159.5017599 -2.32507633 -6.510575047 3.978156274 -6.279368462 19.90815933 
kAffine
iiwa_oneDOF_link_1
iiwa7_oneDOF::iiwa_oneDOF_link_1_collision
iiwa_oneDOF_link_4
iiwa7_oneDOF::iiwa_oneDOF_link_4_collision
iiwa_oneDOF_link_2
16
1.386444402 -0.06005828903 -10.42327561 13.63815287 -9.400443636 19.52176384 0.03600358467 -0.02220111921 0.01800032145 -4.087170162 -28.24590777 -0.01481849099 -2.860030442 2.007532105 -3.829399523 5.023128468 
kAffine
iiwa_oneDOF_link_1
iiwa7_oneDOF::iiwa_oneDOF_link_1_collision
iiwa_oneDOF_link_5
iiwa7_oneDOF::iiwa_oneDOF_link_5_collision
iiwa_oneDOF_link_2
16
1.173556894 -0.00241112952 -7.004766984 12.90566089 -8.627232532 16.64647966 0.2926313444 -0.2097862339 0.3086705309 -3.148470067 -19.73221352 -0.2957390937 -3.902302462 2.654123981 -4.989452455 4.961021055 
kAffine
iiwa_oneDOF_link_1
iiwa7_oneDOF::iiwa_oneDOF_link_1_collision
iiwa_oneDOF_link_6
iiwa7_oneDOF::iiwa_oneDOF_link_6_collision
iiwa_oneDOF_link_2
16
1.139589966 0.02228578513 -6.55169196 13.92648168 -9.163405271 17.56421036 0.7058398439 -0.4990426169 0.7091668764 -3.400964522 -18.66483716 -0.6981102019 -4.936911108 3.314587902 -6.221591238 5.706433987 
kAffine
iiwa_oneDOF_link_1
iiwa7_oneDOF::iiwa_oneDOF_link_1_collision
iiwa_oneDOF_link_7
iiwa7_oneDOF::iiwa_oneDOF_link_7_collision
iiwa_oneDOF_link_2
16
0.8381943588 0.02204509371 -4.576731502 10.03424321 -6.515485499 12.53229139 0.4545642018 -0.3185564274 0.4206450893 -2.486241875 -13.16455884 -0.4321793673 -3.996073337 2.645752867 -5.006631881 4.671792522 
